1 0.3976833984375 0.280851064453125 0.374517375 0.21985815625 0.3667953671875 0.21985815625 0.331274130859375 0.26808510546875 0.362162162109375 0.341843970703125 0.399227798828125 0.29219858203125 0.3976833984375 0.280851064453125
2 0.6131274140625 0.2354609921875 0.612355212890625 0.1602836875 0.567567568359375 0.195744681640625 0.567567568359375 0.20283687890625 0.595366794921875 0.228368794921875 0.608494208984375 0.2397163125 0.6131274140625 0.2354609921875
2 0.608494208984375 0.256737587890625 0.568339767578125 0.293617021484375 0.567567568359375 0.300709220703125 0.6131274140625 0.33758865234375 0.615444015625 0.258156029296875 0.608494208984375 0.256737587890625
2 0.78069498046875 0.5446808515625 0.75752895703125 0.621276595703125 0.75752895703125 0.63262411328125 0.803088802734375 0.63262411328125 0.79613899609375 0.594326240234375 0.78069498046875 0.5446808515625
2 0.500386099609375 0.7049645390625 0.4872586875 0.658156029296875 0.47567567578125 0.696453900390625 0.472586873046875 0.709219857421875 0.4741312734375 0.7148936171875 0.497297296875 0.71205673828125 0.500386099609375 0.7049645390625
2 0.45250965234375 0.713475177734375 0.45637065625 0.71205673828125 0.4640926640625 0.69787233984375 0.453281853515625 0.628368794921875 0.449420849609375 0.634042552734375 0.43706563671875 0.699290779296875 0.4386100390625 0.713475177734375 0.447876447265625 0.706382978515625 0.45250965234375 0.713475177734375
2 0.410038609375 0.70212766015625 0.415444015625 0.70212766015625 0.41930501953125 0.713475177734375 0.43088803125 0.71205673828125 0.414671814453125 0.66241134765625 0.406949806640625 0.6751773046875 0.39613899609375 0.703546099609375 0.4 0.713475177734375 0.4077220078125 0.710638298828125 0.410038609375 0.70212766015625
2 0.38610038671875 0.680851064453125 0.3822393828125 0.69787233984375 0.384555984375 0.716312056640625 0.393050193359375 0.709219857421875 0.389189189453125 0.680851064453125 0.38610038671875 0.680851064453125
2 0.379150580078125 0.70212766015625 0.3768339765625 0.676595744140625 0.36293436328125 0.608510638671875 0.350579150390625 0.669503546875 0.348262548828125 0.69219858203125 0.352123552734375 0.7049645390625 0.364478763671875 0.70780141796875 0.379150580078125 0.70212766015625
2 0.511969111328125 0.690780142578125 0.509652509765625 0.696453900390625 0.509652509765625 0.70780141796875 0.51428571484375 0.709219857421875 0.515057916015625 0.693617021484375 0.511969111328125 0.690780142578125
2 0.3459459453125 0.6851063828125 0.3382239375 0.65957446875 0.32432432421875 0.703546099609375 0.32432432421875 0.71205673828125 0.32972973046875 0.716312056640625 0.34208494140625 0.706382978515625 0.3459459453125 0.6851063828125
2 0.309652509765625 0.680851064453125 0.30656370703125 0.710638298828125 0.317374517578125 0.713475177734375 0.313513513671875 0.68226950390625 0.309652509765625 0.680851064453125
2 0.187644787109375 0.69219858203125 0.17837837890625 0.6255319140625 0.175289576171875 0.618439716796875 0.173745173828125 0.624113474609375 0.160617759765625 0.70212766015625 0.1613899609375 0.71205673828125 0.179922779296875 0.710638298828125 0.187644787109375 0.69219858203125
2 0.1513513515625 0.696453900390625 0.146718146484375 0.67234042578125 0.142857142578125 0.669503546875 0.13436293359375 0.70212766015625 0.136679537109375 0.713475177734375 0.14362934375 0.710638298828125 0.1513513515625 0.696453900390625
2 0.115057916015625 0.696453900390625 0.10115830078125 0.719148935546875 0.101930501953125 0.726241134765625 0.119691119140625 0.726241134765625 0.12432432421875 0.709219857421875 0.115057916015625 0.696453900390625
2 0.099613900390625 0.71773049609375 0.088030888671875 0.65248226953125 0.077220078125 0.699290779296875 0.074903474609375 0.719148935546875 0.07799227734375 0.7248226953125 0.0949806953125 0.7248226953125 0.099613900390625 0.71773049609375
2 0.0640926640625 0.676595744140625 0.06023166015625 0.700709220703125 0.05791505859375 0.726241134765625 0.072586873046875 0.723404255859375 0.067181466796875 0.676595744140625 0.0640926640625 0.676595744140625
2 0.21930501953125 0.70212766015625 0.2177606171875 0.710638298828125 0.22702702734375 0.71773049609375 0.223938224609375 0.70212766015625 0.21930501953125 0.70212766015625
2 0.2023166015625 0.663829787109375 0.19845559765625 0.673758865234375 0.193050193359375 0.706382978515625 0.208494208984375 0.709219857421875 0.20926641015625 0.6950354609375 0.2023166015625 0.663829787109375
0 0.224609375 0.5859375 0.0732421875 0.1162109375
0 0.4384765625 0.4931640625 0.07421875 0.119140625
0 0.6474609375 0.2509765625 0.0634765625 0.212890625
0 0.7001953125 0.6845703125 0.3271484375 0.1083984375
0 0.8876953125 0.6953125 0.0595703125 0.0810546875
0 0.98046875 0.69140625 0.0390625 0.083984375