0 0.803529412109375 0.626530611328125 0.8047058828125 0.7122448984375 0.8552941171875 0.7122448984375 0.8552941171875 0.628571427734375 0.803529412109375 0.626530611328125
0 0.589411765625 0.534693876953125 0.591764705078125 0.62244898046875 0.638823529296875 0.61836734765625 0.638823529296875 0.536734693359375 0.589411765625 0.534693876953125
0 0.588235294921875 0.534693876953125 0.58705882421875 0.69795918359375 0.590588234375 0.7122448984375 0.6152941171875 0.70612244921875 0.6247058828125 0.7122448984375 0.629411765625 0.70612244921875 0.63764705859375 0.7122448984375 0.641176470703125 0.6795918359375 0.64 0.536734693359375 0.588235294921875 0.534693876953125
0 0.3994140625 0.5771484375 0.052734375 0.2783203125
2 0.936470587890625 0.630612244140625 0.911764705078125 0.7122448984375 0.96 0.71428571484375 0.954117646484375 0.68571428515625 0.936470587890625 0.630612244140625
2 0.883529412109375 0.630612244140625 0.86 0.7122448984375 0.9047058828125 0.7122448984375 0.898823529296875 0.68163265234375 0.883529412109375 0.630612244140625
2 0.749411765625 0.636734693359375 0.73764705859375 0.69795918359375 0.749411765625 0.7040816328125 0.761176470703125 0.6877551015625 0.76 0.673469388671875 0.749411765625 0.636734693359375
2 0.690588234375 0.653061224609375 0.6847058828125 0.67755101953125 0.685882353515625 0.69795918359375 0.701176470703125 0.69795918359375 0.696470587890625 0.671428572265625 0.690588234375 0.653061224609375
2 0.568235294921875 0.638775509765625 0.55764705859375 0.69387755078125 0.5752941171875 0.69387755078125 0.5752941171875 0.671428572265625 0.568235294921875 0.638775509765625
2 0.536470587890625 0.68367346875 0.531764705078125 0.69795918359375 0.5447058828125 0.69795918359375 0.543529412109375 0.6877551015625 0.536470587890625 0.68367346875
2 0.508235294921875 0.657142857421875 0.5 0.68571428515625 0.501176470703125 0.6959183671875 0.51294117578125 0.69387755078125 0.516470587890625 0.68571428515625 0.511764705078125 0.659183673828125 0.508235294921875 0.657142857421875
2 0.476470587890625 0.61020408203125 0.463529412109375 0.68571428515625 0.47764705859375 0.70204081640625 0.490588234375 0.6877551015625 0.48 0.6122448984375 0.476470587890625 0.61020408203125
2 0.450588234375 0.651020408203125 0.44235294140625 0.6959183671875 0.450588234375 0.69795918359375 0.45764705859375 0.6877551015625 0.45764705859375 0.673469388671875 0.450588234375 0.651020408203125
1 0.6447058828125 0.42244898046875 0.6047058828125 0.473469388671875 0.608235294921875 0.491836734375 0.62705882421875 0.528571427734375 0.636470587890625 0.532653060546875 0.645882353515625 0.532653060546875 0.669411765625 0.5040816328125 0.67294117578125 0.4877551015625 0.6447058828125 0.42244898046875