2 0.930588234375 0.630612244140625 0.90705882421875 0.7122448984375 0.9552941171875 0.71428571484375 0.949411765625 0.68367346875 0.930588234375 0.630612244140625
2 0.748235294921875 0.31632653125 0.768235294921875 0.391836734375 0.77294117578125 0.3959183671875 0.794117646484375 0.31428571484375 0.758823529296875 0.3122448984375 0.748235294921875 0.31632653125
2 0.6952941171875 0.31428571484375 0.71764705859375 0.39795918359375 0.738823529296875 0.324489796875 0.74 0.31428571484375 0.7352941171875 0.3122448984375 0.6952941171875 0.31428571484375
2 0.641176470703125 0.31428571484375 0.66235294140625 0.39387755078125 0.68705882421875 0.3122448984375 0.641176470703125 0.31428571484375
2 0.58705882421875 0.31632653125 0.609411765625 0.39387755078125 0.63294117578125 0.3204081640625 0.631764705078125 0.3122448984375 0.58705882421875 0.31632653125
2 0.5352941171875 0.31632653125 0.556470587890625 0.39387755078125 0.57764705859375 0.31428571484375 0.5352941171875 0.31632653125
2 0.48 0.31428571484375 0.50235294140625 0.39387755078125 0.525882353515625 0.3122448984375 0.48 0.31428571484375
2 0.450588234375 0.3959183671875 0.471764705078125 0.3122448984375 0.425882353515625 0.3122448984375 0.450588234375 0.3959183671875
2 0.374117646484375 0.31428571484375 0.3952941171875 0.3959183671875 0.41764705859375 0.31428571484375 0.374117646484375 0.31428571484375
2 0.32 0.31836734765625 0.34235294140625 0.3959183671875 0.365882353515625 0.31428571484375 0.32705882421875 0.3122448984375 0.32 0.31836734765625
2 0.290588234375 0.3959183671875 0.311764705078125 0.3122448984375 0.265882353515625 0.3122448984375 0.290588234375 0.3959183671875
2 0.2352941171875 0.3959183671875 0.25764705859375 0.3122448984375 0.21294117578125 0.3122448984375 0.2352941171875 0.3959183671875
2 0.158823529296875 0.31428571484375 0.18235294140625 0.3959183671875 0.203529412109375 0.32244898046875 0.20235294140625 0.3122448984375 0.158823529296875 0.31428571484375
2 0.1047058828125 0.31428571484375 0.12705882421875 0.3959183671875 0.151764705078125 0.31632653125 0.145882353515625 0.3122448984375 0.1047058828125 0.31428571484375
0 0.44921875 0.265625 0.69921875 0.09765625
1 0.64705882421875 0.428571427734375 0.605882353515625 0.465306123046875 0.62705882421875 0.544897958984375 0.67294117578125 0.50612244921875 0.6552941171875 0.440816326171875 0.64705882421875 0.428571427734375