0 0.8330078125 0.625 0.1640625 0.1884765625
0 0.9404296875 0.583984375 0.037109375 0.056640625
0 0.939453125 0.67578125 0.0341796875 0.0615234375
0 0.564453125 0.4619140625 0.0537109375 0.044921875
0 0.349609375 0.3681640625 0.05859375 0.0498046875
0 0.13671875 0.27734375 0.05859375 0.04296875
2 0.6640625 0.66796875 0.666015625 0.669921875 0.666015625 0.69140625 0.662109375 0.701171875 0.658203125 0.701171875 0.658203125 0.689453125 0.662109375 0.6796875 0.662109375 0.669921875
2 0.55859375 0.65234375 0.5625 0.65234375 0.564453125 0.6640625 0.5703125 0.673828125 0.5703125 0.69140625 0.568359375 0.6953125 0.556640625 0.697265625 0.55078125 0.689453125 0.546875 0.689453125 0.548828125 0.677734375 0.55859375 0.654296875
2 0.484375 0.650390625 0.48828125 0.654296875 0.48828125 0.66015625 0.498046875 0.6875 0.498046875 0.69921875 0.49609375 0.701171875 0.490234375 0.69921875 0.484375 0.703125 0.48046875 0.703125 0.47265625 0.697265625 0.474609375 0.6796875 0.484375 0.65234375
2 0.21875 0.6796875 0.224609375 0.697265625 0.216796875 0.705078125 0.212890625 0.703125 0.212890625 0.693359375 0.21875 0.681640625
2 0.5859375 0.66796875 0.587890625 0.66796875 0.587890625 0.677734375 0.591796875 0.685546875 0.591796875 0.69921875 0.58984375 0.701171875 0.583984375 0.701171875 0.58203125 0.697265625 0.58203125 0.685546875 0.583984375 0.68359375 0.583984375 0.671875 0.5859375 0.669921875
2 0.638671875 0.6484375 0.638671875 0.65625 0.642578125 0.66015625 0.642578125 0.66796875 0.6484375 0.681640625 0.650390625 0.697265625 0.64453125 0.701171875 0.638671875 0.701171875 0.634765625 0.697265625 0.634765625 0.69140625 0.62890625 0.677734375 0.63671875 0.650390625
2 0.251953125 0.681640625 0.25390625 0.685546875 0.25390625 0.703125 0.25 0.703125 0.25 0.6875 0.251953125 0.68359375
2 0.521484375 0.6171875 0.5234375 0.62109375 0.5234375 0.63671875 0.52734375 0.642578125 0.529296875 0.66796875 0.533203125 0.673828125 0.533203125 0.68359375 0.53515625 0.685546875 0.53515625 0.701171875 0.53125 0.701171875 0.5234375 0.693359375 0.517578125 0.69921875 0.517578125 0.6953125 0.51171875 0.6875 0.51171875 0.666015625 0.513671875 0.6640625 0.513671875 0.65234375 0.517578125 0.64453125 0.517578125 0.6328125 0.521484375 0.619140625
2 0.265625 0.705078125 0.26171875 0.6953125 0.265625 0.689453125 0.265625 0.681640625 0.267578125 0.6796875 0.26953125 0.6796875 0.26953125 0.6875 0.271484375 0.689453125 0.271484375 0.69921875 0.26953125 0.705078125 0.267578125 0.705078125
2 0.611328125 0.6015625 0.61328125 0.603515625 0.615234375 0.62109375 0.619140625 0.62890625 0.62109375 0.654296875 0.625 0.66015625 0.625 0.6875 0.62109375 0.6953125 0.6171875 0.693359375 0.61328125 0.697265625 0.609375 0.6953125 0.603515625 0.685546875 0.599609375 0.693359375 0.59765625 0.6953125 0.595703125 0.693359375 0.595703125 0.677734375 0.599609375 0.669921875 0.599609375 0.658203125 0.603515625 0.650390625 0.60546875 0.626953125 0.607421875 0.625 0.609375 0.60546875 0.611328125 0.603515625
1 0.650588234375 0.251020408203125 0.605882353515625 0.2877551015625 0.62705882421875 0.367346939453125 0.671764705078125 0.330612244140625 0.669411765625 0.31020408203125 0.650588234375 0.251020408203125