2 0.300386099609375 0.648226951171875 0.28339768359375 0.7049645390625 0.278764478515625 0.73191489453125 0.319691119140625 0.733333333984375 0.32200772265625 0.726241134765625 0.300386099609375 0.648226951171875
2 0.2486486484375 0.648226951171875 0.227799228515625 0.7148936171875 0.225482625 0.733333333984375 0.27027026953125 0.733333333984375 0.27027026953125 0.723404255859375 0.2486486484375 0.648226951171875
2 0.428571427734375 0.669503546875 0.420849419921875 0.710638298828125 0.43474903515625 0.72198581640625 0.440154439453125 0.713475177734375 0.43088803125 0.673758865234375 0.428571427734375 0.669503546875
1 0.65791505859375 0.448226951171875 0.60926641015625 0.448226951171875 0.6077220078125 0.539007091796875 0.62702702734375 0.543262412109375 0.65791505859375 0.54042553125 0.66023166015625 0.519148935546875 0.659459458984375 0.45248226953125 0.65791505859375 0.448226951171875
2 0.408494208984375 0.69219858203125 0.403088802734375 0.7049645390625 0.4077220078125 0.719148935546875 0.412355212890625 0.720567375 0.41158301171875 0.6950354609375 0.408494208984375 0.69219858203125
2 0.484942083984375 0.658156029296875 0.4741312734375 0.71205673828125 0.477220078125 0.719148935546875 0.495752896484375 0.720567375 0.50115830078125 0.713475177734375 0.488803087890625 0.6553191484375 0.484942083984375 0.658156029296875
2 0.5613899609375 0.669503546875 0.553667953125 0.706382978515625 0.556756755859375 0.716312056640625 0.5613899609375 0.716312056640625 0.564478763671875 0.7049645390625 0.56911196875 0.70212766015625 0.564478763671875 0.670921986328125 0.5613899609375 0.669503546875
2 0.542857142578125 0.7049645390625 0.53436293359375 0.716312056640625 0.5413127421875 0.723404255859375 0.54749034765625 0.720567375 0.548262548828125 0.71205673828125 0.542857142578125 0.7049645390625
2 0.58841698828125 0.62269503515625 0.575289576171875 0.70780141796875 0.583783783203125 0.719148935546875 0.593050193359375 0.720567375 0.60386100390625 0.7148936171875 0.6023166015625 0.699290779296875 0.58841698828125 0.62269503515625
2 0.620077220703125 0.67234042578125 0.608494208984375 0.71205673828125 0.616988416015625 0.71773049609375 0.622393822265625 0.71205673828125 0.62702702734375 0.71773049609375 0.62934362890625 0.713475177734375 0.627799228515625 0.699290779296875 0.620077220703125 0.67234042578125
2 0.647104248046875 0.700709220703125 0.641698841796875 0.716312056640625 0.644015443359375 0.720567375 0.6586872578125 0.719148935546875 0.655598455078125 0.709219857421875 0.647104248046875 0.700709220703125
2 0.67567567578125 0.658156029296875 0.668725869140625 0.699290779296875 0.67567567578125 0.719148935546875 0.68571428515625 0.709219857421875 0.6795366796875 0.663829787109375 0.67567567578125 0.658156029296875
2 0.93204633203125 0.669503546875 0.923552123046875 0.713475177734375 0.93204633203125 0.7148936171875 0.938996138671875 0.703546099609375 0.9382239375 0.696453900390625 0.93204633203125 0.669503546875
2 0.959845560546875 0.634042552734375 0.956756755859375 0.629787234375 0.944401544921875 0.709219857421875 0.960617759765625 0.723404255859375 0.96911196875 0.719148935546875 0.97065637109375 0.699290779296875 0.959845560546875 0.634042552734375
2 1 0.706382978515625 0.99613899609375 0.68794326171875 0.989189189453125 0.6751773046875 0.975289576171875 0.6851063828125 0.9768339765625 0.7347517734375 1 0.733333333984375 1 0.706382978515625
0 0.6953125 0.572265625 0.2275390625 0.0693359375
0 0.3544921875 0.6845703125 0.0625 0.0966796875