2 0.123046875 0.67578125 0.125 0.689453125 0.126953125 0.69140625 0.126953125 0.697265625 0.12109375 0.697265625 0.119140625 0.6953125 0.123046875 0.677734375
2 0.23046875 0.140625 0.234375 0.140625 0.234375 0.216796875 0.236328125 0.21875 0.234375 0.224609375 0.22265625 0.216796875 0.21875 0.2109375 0.2109375 0.20703125 0.1875 0.181640625 0.203125 0.1640625 0.208984375 0.162109375 0.21875 0.150390625 0.23046875 0.142578125
2 0.263671875 0.623046875 0.265625 0.623046875 0.267578125 0.62890625 0.271484375 0.65234375 0.275390625 0.658203125 0.279296875 0.6796875 0.283203125 0.685546875 0.283203125 0.693359375 0.287109375 0.701171875 0.287109375 0.708984375 0.2421875 0.708984375 0.244140625 0.693359375 0.248046875 0.6875 0.248046875 0.6796875 0.251953125 0.671875 0.251953125 0.658203125 0.255859375 0.654296875 0.259765625 0.6328125 0.263671875 0.625
2 0.314453125 0.623046875 0.318359375 0.623046875 0.3203125 0.626953125 0.3203125 0.634765625 0.32421875 0.642578125 0.32421875 0.6484375 0.328125 0.654296875 0.328125 0.662109375 0.33203125 0.669921875 0.333984375 0.6875 0.33984375 0.705078125 0.337890625 0.708984375 0.294921875 0.708984375 0.29296875 0.70703125 0.29296875 0.703125 0.296875 0.697265625 0.296875 0.689453125 0.30078125 0.68359375 0.30078125 0.673828125 0.306640625 0.662109375 0.306640625 0.65234375 0.310546875 0.646484375 0.310546875 0.640625 0.314453125 0.6328125 0.314453125 0.625
2 0.234375 0.236328125 0.234375 0.265625 0.236328125 0.267578125 0.234375 0.271484375 0.234375 0.3046875 0.236328125 0.306640625 0.234375 0.3203125 0.212890625 0.3046875 0.1875 0.279296875 0.2109375 0.25390625 0.21875 0.25 0.232421875 0.23828125
2 0.158203125 0.673828125 0.158203125 0.6796875 0.162109375 0.685546875 0.162109375 0.693359375 0.154296875 0.693359375 0.15234375 0.69140625 0.15234375 0.68359375 0.15625 0.67578125
2 0.685546875 0.62109375 0.693359375 0.638671875 0.693359375 0.646484375 0.697265625 0.654296875 0.697265625 0.662109375 0.703125 0.677734375 0.703125 0.6875 0.70703125 0.693359375 0.708984375 0.708984375 0.6640625 0.708984375 0.662109375 0.70703125 0.666015625 0.69921875 0.66796875 0.677734375 0.671875 0.671875 0.67578125 0.65234375 0.6796875 0.646484375 0.68359375 0.623046875
2 0.107421875 0.673828125 0.109375 0.673828125 0.109375 0.6796875 0.11328125 0.685546875 0.11328125 0.693359375 0.111328125 0.6953125 0.107421875 0.693359375 0.10546875 0.6875 0.107421875 0.67578125
2 0.73828125 0.62109375 0.7421875 0.626953125 0.744140625 0.64453125 0.748046875 0.6484375 0.751953125 0.66796875 0.755859375 0.673828125 0.755859375 0.68359375 0.759765625 0.69140625 0.759765625 0.69921875 0.763671875 0.705078125 0.763671875 0.708984375 0.716796875 0.708984375 0.716796875 0.697265625 0.720703125 0.69140625 0.720703125 0.685546875 0.724609375 0.677734375 0.724609375 0.66796875 0.728515625 0.662109375 0.728515625 0.654296875 0.73828125 0.623046875
2 0.369140625 0.623046875 0.37109375 0.623046875 0.373046875 0.63671875 0.37890625 0.650390625 0.3828125 0.671875 0.38671875 0.6796875 0.38671875 0.6875 0.390625 0.693359375 0.390625 0.69921875 0.39453125 0.70703125 0.392578125 0.708984375 0.34765625 0.708984375 0.345703125 0.703125 0.359375 0.662109375 0.359375 0.654296875 0.36328125 0.6484375 0.36328125 0.638671875 0.369140625 0.625
2 0.9521484375 0.595703125 0.0517578125 0.0908203125
1 0.3671875 0.36328125 0.052734375 0.0908203125
0 0.052734375 0.5595703125 0.0615234375 0.2880859375
0 0.2099609375 0.66796875 0.0625 0.126953125
0 0.2646484375 0.234375 0.0654296875 0.2255859375
0 0.951171875 0.6806640625 0.0615234375 0.091796875