1 0.614117646484375 0.471428572265625 0.61294117578125 0.557142857421875 0.6647058828125 0.557142857421875 0.663529412109375 0.469387755859375 0.614117646484375 0.471428572265625
0 0.1240234375 0.650390625 0.0576171875 0.3603515625
0 0.337890625 0.6962890625 0.0654296875 0.28515625
0 0.5517578125 0.75 0.06640625 0.2099609375
0 0.7646484375 0.794921875 0.06640625 0.103515625
0 0.9228515625 0.697265625 0.0478515625 0.080078125
0 0.9248046875 0.796875 0.048828125 0.09375
2 0.198823529296875 0.773469388671875 0.190588234375 0.81020408203125 0.198823529296875 0.82244898046875 0.208235294921875 0.81632653125 0.20235294140625 0.7795918359375 0.198823529296875 0.773469388671875
2 0.40705882421875 0.8 0.40705882421875 0.81632653125 0.411764705078125 0.8204081640625 0.423529412109375 0.81632653125 0.4152941171875 0.773469388671875 0.40705882421875 0.8
2 0.471764705078125 0.759183673828125 0.461176470703125 0.808163265625 0.465882353515625 0.8204081640625 0.48 0.81632653125 0.483529412109375 0.808163265625 0.4752941171875 0.761224490234375 0.471764705078125 0.759183673828125
2 0.634117646484375 0.80204081640625 0.629411765625 0.82244898046875 0.641176470703125 0.8204081640625 0.641176470703125 0.8122448984375 0.634117646484375 0.80204081640625
2 0.6847058828125 0.80204081640625 0.68 0.81836734765625 0.68705882421875 0.826530611328125 0.690588234375 0.81428571484375 0.6847058828125 0.80204081640625
2 0.849411765625 0.8 0.84235294140625 0.8204081640625 0.851764705078125 0.824489796875 0.8552941171875 0.8122448984375 0.849411765625 0.8
2 0.898823529296875 0.80204081640625 0.894117646484375 0.81632653125 0.905882353515625 0.830612244140625 0.90235294140625 0.8040816328125 0.898823529296875 0.80204081640625
2 0.258823529296875 0.757142857421875 0.2447058828125 0.81428571484375 0.269411765625 0.8204081640625 0.269411765625 0.80204081640625 0.258823529296875 0.757142857421875