2 0.7734375 0.638671875 0.77734375 0.64453125 0.77734375 0.65234375 0.78125 0.65625 0.78125 0.6640625 0.787109375 0.67578125 0.7890625 0.693359375 0.798828125 0.716796875 0.796875 0.720703125 0.77734375 0.720703125 0.775390625 0.72265625 0.76171875 0.72265625 0.751953125 0.71875 0.751953125 0.712890625 0.755859375 0.703125 0.755859375 0.693359375 0.759765625 0.689453125 0.7734375 0.640625
2 0.322265625 0.689453125 0.326171875 0.6953125 0.328125 0.705078125 0.3203125 0.712890625 0.31640625 0.7109375 0.314453125 0.70703125 0.3203125 0.69140625
2 0.0234375 0.486328125 0.02734375 0.490234375 0.02734375 0.5 0.029296875 0.501953125 0.029296875 0.505859375 0.01953125 0.505859375 0.01953125 0.494140625 0.0234375 0.48828125
2 0.357421875 0.689453125 0.357421875 0.7109375 0.353515625 0.7109375 0.353515625 0.693359375 0.35546875 0.69140625
2 0.1015625 0.6171875 0.103515625 0.619140625 0.103515625 0.63671875 0.107421875 0.64453125 0.107421875 0.65625 0.11328125 0.677734375 0.115234375 0.705078125 0.109375 0.705078125 0.103515625 0.7109375 0.103515625 0.716796875 0.099609375 0.720703125 0.0859375 0.703125 0.08984375 0.689453125 0.08984375 0.67578125 0.09375 0.669921875 0.095703125 0.64453125 0.099609375 0.6328125 0.099609375 0.619140625
2 0.828125 0.642578125 0.83203125 0.6484375 0.833984375 0.662109375 0.83984375 0.67578125 0.83984375 0.68359375 0.84375 0.6875 0.84375 0.69921875 0.849609375 0.708984375 0.8515625 0.71875 0.849609375 0.720703125 0.8046875 0.720703125 0.818359375 0.6640625 0.822265625 0.66015625 0.826171875 0.64453125
2 0.642578125 0.689453125 0.64453125 0.689453125 0.650390625 0.701171875 0.650390625 0.708984375 0.638671875 0.7109375 0.638671875 0.69921875 0.642578125 0.69140625
2 0.134765625 0.6640625 0.138671875 0.685546875 0.142578125 0.69140625 0.142578125 0.70703125 0.138671875 0.705078125 0.138671875 0.69921875 0.134765625 0.693359375 0.130859375 0.6953125 0.12890625 0.703125 0.125 0.703125 0.12890625 0.67578125 0.1328125 0.669921875 0.1328125 0.666015625
2 0.93359375 0.658203125 0.9375 0.66015625 0.9375 0.666015625 0.943359375 0.6796875 0.943359375 0.689453125 0.947265625 0.693359375 0.947265625 0.701171875 0.94921875 0.703125 0.947265625 0.708984375 0.923828125 0.708984375 0.919921875 0.705078125 0.93359375 0.66015625
2 0.076171875 0.66015625 0.076171875 0.666015625 0.080078125 0.673828125 0.080078125 0.685546875 0.083984375 0.6953125 0.083984375 0.70703125 0.078125 0.705078125 0.072265625 0.7109375 0.06640625 0.708984375 0.06640625 0.6953125 0.0703125 0.689453125 0.0703125 0.677734375 0.072265625 0.67578125 0.07421875 0.662109375
2 0.67578125 0.69140625 0.6796875 0.6953125 0.6796875 0.708984375 0.677734375 0.7109375 0.67578125 0.708984375 0.67578125 0.693359375
2 0.880859375 0.638671875 0.884765625 0.64453125 0.884765625 0.654296875 0.896484375 0.685546875 0.896484375 0.693359375 0.900390625 0.69921875 0.90234375 0.712890625 0.90625 0.71875 0.90625 0.720703125 0.859375 0.720703125 0.859375 0.708984375 0.865234375 0.697265625 0.8671875 0.681640625 0.880859375 0.640625
2 0.04296875 0.720703125 0.04296875 0.71484375 0.0546875 0.697265625 0.05859375 0.69921875 0.0625 0.70703125 0.0625 0.712890625 0.05859375 0.716796875 0.05859375 0.720703125 0.044921875 0.720703125
2 0.162109375 0.69140625 0.166015625 0.6953125 0.169921875 0.705078125 0.166015625 0.708984375 0.15625 0.7109375 0.154296875 0.703125 0.16015625 0.693359375
2 0.37109375 0.6875 0.375 0.697265625 0.373046875 0.712890625 0.369140625 0.7109375 0.3671875 0.701171875 0.37109375 0.689453125
2 0.19140625 0.650390625 0.1953125 0.662109375 0.1953125 0.671875 0.19921875 0.6796875 0.19921875 0.693359375 0.201171875 0.6953125 0.201171875 0.703125 0.197265625 0.703125 0.193359375 0.70703125 0.19140625 0.69921875 0.1875 0.6953125 0.18359375 0.697265625 0.18359375 0.701171875 0.181640625 0.69921875 0.185546875 0.69140625 0.1875 0.662109375 0.19140625 0.65234375
2 0.693359375 0.689453125 0.6953125 0.69140625 0.697265625 0.712890625 0.693359375 0.71484375 0.6875 0.70703125 0.6875 0.703125 0.69140625 0.697265625 0.69140625 0.69140625
1 0.6396484375 0.5869140625 0.0595703125 0.0986328125
0 0.427529412109375 0.621557142578125 0.4247058828125 0.729242857421875 0.481176470703125 0.740665306640625 0.490588234375 0.68192653125 0.69294117578125 0.678663265625 0.694823529296875 0.734138775390625 0.749411765625 0.735769388671875 0.754117646484375 0.633061224609375 0.427529412109375 0.621557142578125
0 0.1047058828125 0.538342857421875 0.1047058828125 0.592187755859375 0.209176470703125 0.5905551015625 0.209176470703125 0.73903265234375 0.27035294140625 0.735769388671875 0.269411765625 0.53018571484375 0.1047058828125 0.538342857421875
0 0.0771484375 0.5625 0.0419921875 0.037109375
0 0.0263671875 0.587890625 0.013671875 0.0244140625
0 0.0244140625 0.6826171875 0.0166015625 0.0361328125