0 0.0537109375 0.6181640625 0.03515625 0.064453125
0 0.0537109375 0.7197265625 0.029296875 0.087890625
0 0.271484375 0.60546875 0.064453125 0.267578125
0 0.8583984375 0.4970703125 0.0595703125 0.04296875
0 0.9140625 0.4970703125 0.0439453125 0.0302734375
0 0.9658203125 0.49609375 0.0185546875 0.015625
2 0.57421875 0.634765625 0.576171875 0.654296875 0.58203125 0.673828125 0.583984375 0.697265625 0.587890625 0.70703125 0.58984375 0.728515625 0.583984375 0.73046875 0.583984375 0.720703125 0.578125 0.7109375 0.572265625 0.724609375 0.572265625 0.73046875 0.564453125 0.736328125 0.556640625 0.71875 0.560546875 0.697265625 0.5625 0.6953125 0.5625 0.6875 0.564453125 0.685546875 0.564453125 0.677734375 0.56640625 0.67578125 0.56640625 0.66796875 0.568359375 0.666015625 0.568359375 0.65625 0.572265625 0.650390625 0.572265625 0.638671875 0.57421875 0.63671875
2 0.458984375 0.6953125 0.4609375 0.6953125 0.4609375 0.703125 0.45703125 0.70703125 0.458984375 0.712890625 0.45703125 0.736328125 0.453125 0.734375 0.453125 0.71484375 0.45703125 0.708984375 0.458984375 0.697265625
2 0.515625 0.732421875 0.515625 0.72265625 0.51953125 0.71484375 0.51953125 0.70703125 0.5234375 0.705078125 0.5234375 0.720703125 0.51953125 0.7265625 0.51953125 0.732421875 0.515625 0.734375
2 0.69921875 0.685546875 0.701171875 0.685546875 0.703125 0.697265625 0.70703125 0.703125 0.70703125 0.7109375 0.712890625 0.724609375 0.712890625 0.734375 0.70703125 0.732421875 0.703125 0.734375 0.69921875 0.732421875 0.69921875 0.72265625 0.6953125 0.71875 0.69140625 0.724609375 0.69140625 0.732421875 0.6875 0.734375 0.6875 0.72265625 0.69921875 0.6875
2 0.59765625 0.703125 0.599609375 0.703125 0.603515625 0.716796875 0.603515625 0.720703125 0.599609375 0.724609375 0.599609375 0.73046875 0.59765625 0.732421875 0.59375 0.73046875 0.59375 0.724609375 0.591796875 0.72265625 0.595703125 0.716796875 0.59765625 0.705078125
2 0.400390625 0.673828125 0.40234375 0.673828125 0.404296875 0.6953125 0.408203125 0.701171875 0.408203125 0.7109375 0.412109375 0.71875 0.412109375 0.73046875 0.41015625 0.734375 0.39453125 0.734375 0.392578125 0.736328125 0.388671875 0.734375 0.390625 0.7109375 0.39453125 0.705078125 0.39453125 0.697265625 0.400390625 0.67578125
2 0.19140625 0.69140625 0.193359375 0.693359375 0.193359375 0.703125 0.197265625 0.7109375 0.19921875 0.73046875 0.19140625 0.73828125 0.1875 0.73828125 0.18359375 0.732421875 0.18359375 0.71875 0.1875 0.712890625 0.189453125 0.693359375
2 0.2109375 0.7109375 0.212890625 0.7109375 0.21484375 0.716796875 0.21484375 0.728515625 0.212890625 0.734375 0.208984375 0.736328125 0.208984375 0.716796875 0.2109375 0.712890625
2 0.423828125 0.71875 0.427734375 0.720703125 0.427734375 0.734375 0.423828125 0.734375 0.421875 0.728515625 0.423828125 0.720703125
2 0.1328125 0.671875 0.134765625 0.685546875 0.140625 0.703125 0.140625 0.712890625 0.14453125 0.71875 0.14453125 0.73046875 0.134765625 0.73828125 0.125 0.73046875 0.123046875 0.724609375 0.123046875 0.712890625 0.125 0.7109375 0.125 0.703125 0.12890625 0.697265625 0.12890625 0.6875 0.1328125 0.673828125
2 0.107421875 0.724609375 0.109375 0.724609375 0.109375 0.73046875 0.111328125 0.732421875 0.109375 0.736328125 0.10546875 0.734375 0.107421875 0.7265625
2 0.75 0.296875 0.75390625 0.30078125 0.755859375 0.318359375 0.759765625 0.32421875 0.7734375 0.37109375 0.7734375 0.37890625 0.728515625 0.380859375 0.728515625 0.37109375 0.73046875 0.369140625 0.734375 0.34765625 0.73828125 0.341796875 0.73828125 0.3359375 0.744140625 0.322265625 0.74609375 0.306640625 0.75 0.298828125
2 0.625 0.7109375 0.0322265625 0.05078125
2 0.15625 0.71875 0.16015625 0.7265625 0.16015625 0.732421875 0.158203125 0.734375 0.154296875 0.732421875 0.154296875 0.720703125
2 0.546875 0.685546875 0.552734375 0.6953125 0.5546875 0.712890625 0.556640625 0.71484375 0.5546875 0.728515625 0.552734375 0.728515625 0.552734375 0.724609375 0.548828125 0.720703125 0.54296875 0.732421875 0.537109375 0.732421875 0.537109375 0.716796875 0.54296875 0.705078125 0.54296875 0.697265625 0.546875 0.6875
2 0.6640625 0.654296875 0.6640625 0.66015625 0.66796875 0.66796875 0.66796875 0.677734375 0.669921875 0.6796875 0.669921875 0.69140625 0.673828125 0.69921875 0.67578125 0.72265625 0.677734375 0.724609375 0.677734375 0.732421875 0.673828125 0.736328125 0.654296875 0.734375 0.65234375 0.732421875 0.650390625 0.720703125 0.654296875 0.708984375 0.654296875 0.6953125 0.658203125 0.6875 0.66015625 0.666015625 0.6640625 0.65625
0 0.71835294140625 0.43555101953125 0.722117646484375 0.770034693359375 0.786117646484375 0.761875509765625 0.781411765625 0.375179591796875 0.45294117578125 0.3759183671875 0.45764705859375 0.74882244921875 0.516 0.7504551015625 0.514117646484375 0.4339183671875 0.71835294140625 0.43555101953125
1 0.3447058828125 0.173469388671875 0.331764705078125 0.232653060546875 0.330588234375 0.257142857421875 0.376470587890625 0.28367346875 0.39294117578125 0.2 0.3447058828125 0.173469388671875