0 0.046875 0.626953125 0.060546875 0.1904296875
0 0.80078125 0.5546875 0.0615234375 0.0458984375
2 0.558823529296875 0.7040816328125 0.55764705859375 0.7122448984375 0.6047058828125 0.7122448984375 0.58235294140625 0.632653060546875 0.558823529296875 0.7040816328125
2 0.636470587890625 0.632653060546875 0.63294117578125 0.632653060546875 0.61294117578125 0.7 0.611764705078125 0.7122448984375 0.65764705859375 0.7122448984375 0.636470587890625 0.632653060546875
2 0.668235294921875 0.6959183671875 0.66705882421875 0.71428571484375 0.71294117578125 0.7122448984375 0.689411765625 0.630612244140625 0.668235294921875 0.6959183671875
2 0.765882353515625 0.7122448984375 0.74235294140625 0.630612244140625 0.723529412109375 0.68979591796875 0.718823529296875 0.71020408203125 0.72235294140625 0.71428571484375 0.765882353515625 0.7122448984375
2 0.78235294140625 0.673469388671875 0.77294117578125 0.7122448984375 0.818823529296875 0.7122448984375 0.796470587890625 0.632653060546875 0.78235294140625 0.673469388671875
2 0.825882353515625 0.7040816328125 0.825882353515625 0.71428571484375 0.874117646484375 0.7122448984375 0.849411765625 0.628571427734375 0.825882353515625 0.7040816328125
2 0.9 0.636734693359375 0.881176470703125 0.7122448984375 0.9247058828125 0.7122448984375 0.9047058828125 0.632653060546875 0.9 0.636734693359375
2 0.934117646484375 0.7040816328125 0.936470587890625 0.71428571484375 0.98 0.7122448984375 0.95764705859375 0.632653060546875 0.934117646484375 0.7040816328125
1 0.3352941171875 0.628571427734375 0.3352941171875 0.7122448984375 0.38705882421875 0.7122448984375 0.3847058828125 0.626530611328125 0.3352941171875 0.628571427734375