0 0.38610038671875 0.276595744140625 0.3382239375 0.293617021484375 0.34362934375 0.365957447265625 0.34749034765625 0.3843971640625 0.39613899609375 0.365957447265625 0.38610038671875 0.276595744140625
1 0.657142857421875 0.4652482265625 0.671814671875 0.411347517578125 0.671042470703125 0.401418439453125 0.62702702734375 0.40283687890625 0.647876447265625 0.4851063828125 0.65096525 0.4851063828125 0.657142857421875 0.4652482265625
1 0.723552123046875 0.404255318359375 0.68185328125 0.398581560546875 0.68108108203125 0.414184396484375 0.702702703125 0.486524822265625 0.723552123046875 0.414184396484375 0.723552123046875 0.404255318359375
1 0.19921875 0.8515625 0.19921875 0.86328125 0.197265625 0.865234375 0.193359375 0.86328125 0.193359375 0.853515625 0.197265625 0.8515625
1 0.44140625 0.8125 0.4453125 0.818359375 0.44921875 0.833984375 0.453125 0.83984375 0.453125 0.845703125 0.45703125 0.8515625 0.45703125 0.86328125 0.453125 0.86328125 0.44921875 0.857421875 0.439453125 0.859375 0.439453125 0.853515625 0.435546875 0.849609375 0.431640625 0.85546875 0.431640625 0.859375 0.427734375 0.85546875 0.4296875 0.841796875 0.43359375 0.8359375 0.43359375 0.830078125 0.439453125 0.814453125
1 0.69921875 0.818359375 0.701171875 0.818359375 0.70703125 0.845703125 0.7109375 0.8515625 0.70703125 0.859375 0.69921875 0.859375 0.6953125 0.853515625 0.693359375 0.841796875 0.69921875 0.8203125
1 0.642578125 0.80078125 0.646484375 0.826171875 0.6484375 0.828125 0.6484375 0.83984375 0.650390625 0.841796875 0.650390625 0.857421875 0.6484375 0.859375 0.64453125 0.859375 0.642578125 0.849609375 0.63671875 0.841796875 0.638671875 0.81640625 0.642578125 0.802734375
1 0.337890625 0.830078125 0.341796875 0.833984375 0.341796875 0.84375 0.345703125 0.853515625 0.345703125 0.859375 0.341796875 0.86328125 0.3359375 0.849609375 0.337890625 0.83203125
1 0.890625 0.814453125 0.892578125 0.81640625 0.892578125 0.828125 0.896484375 0.8359375 0.8984375 0.86328125 0.900390625 0.865234375 0.900390625 0.875 0.8984375 0.876953125 0.890625 0.876953125 0.888671875 0.875 0.888671875 0.869140625 0.8828125 0.86328125 0.8828125 0.849609375 0.884765625 0.84765625 0.884765625 0.83984375 0.88671875 0.837890625 0.890625 0.81640625
1 0.390625 0.7578125 0.39453125 0.771484375 0.39453125 0.783203125 0.3984375 0.79296875 0.3984375 0.802734375 0.400390625 0.8046875 0.404296875 0.84375 0.40625 0.845703125 0.40625 0.8515625 0.404296875 0.853515625 0.3984375 0.84765625 0.39453125 0.8515625 0.39453125 0.85546875 0.390625 0.857421875 0.38671875 0.85546875 0.384765625 0.857421875 0.380859375 0.853515625 0.376953125 0.841796875 0.376953125 0.828125 0.37890625 0.826171875 0.380859375 0.806640625 0.384765625 0.796875 0.384765625 0.787109375 0.38671875 0.78515625 0.390625 0.759765625
1 0.041015625 0.826171875 0.044921875 0.849609375 0.046875 0.8515625 0.046875 0.865234375 0.048828125 0.8671875 0.046875 0.876953125 0.0390625 0.876953125 0.037109375 0.87890625 0.033203125 0.876953125 0.033203125 0.8671875 0.037109375 0.853515625 0.037109375 0.83984375 0.041015625 0.828125
1 0.908203125 0.83984375 0.912109375 0.841796875 0.919921875 0.87109375 0.919921875 0.876953125 0.91796875 0.87890625 0.90625 0.87890625 0.904296875 0.876953125 0.908203125 0.841796875
1 0.876953125 0.853515625 0.87890625 0.859375 0.876953125 0.865234375 0.87109375 0.859375 0.87109375 0.85546875 0.875 0.853515625
1 0.515625 0.80859375 0.51953125 0.8203125 0.51953125 0.828125 0.52734375 0.849609375 0.52734375 0.859375 0.51953125 0.865234375 0.501953125 0.859375 0.501953125 0.8515625 0.505859375 0.845703125 0.509765625 0.82421875 0.513671875 0.818359375 0.513671875 0.810546875
1 0.365234375 0.80859375 0.373046875 0.833984375 0.3671875 0.861328125 0.365234375 0.86328125 0.359375 0.86328125 0.353515625 0.859375 0.35546875 0.841796875 0.36328125 0.8203125 0.36328125 0.810546875
1 0.669921875 0.845703125 0.673828125 0.845703125 0.673828125 0.849609375 0.677734375 0.8515625 0.677734375 0.857421875 0.6796875 0.859375 0.67578125 0.865234375 0.66796875 0.85546875 0.66796875 0.849609375 0.669921875 0.84765625
1 0.15234375 0.76953125 0.154296875 0.791015625 0.158203125 0.8046875 0.158203125 0.818359375 0.162109375 0.828125 0.162109375 0.85546875 0.150390625 0.865234375 0.142578125 0.859375 0.138671875 0.859375 0.13671875 0.85546875 0.140625 0.841796875 0.140625 0.828125 0.142578125 0.826171875 0.150390625 0.771484375
1 0.119140625 0.818359375 0.12109375 0.818359375 0.123046875 0.83203125 0.12890625 0.845703125 0.12890625 0.859375 0.123046875 0.859375 0.123046875 0.8515625 0.12109375 0.849609375 0.1171875 0.8515625 0.11328125 0.86328125 0.111328125 0.859375 0.111328125 0.845703125 0.119140625 0.8203125
1 0.17578125 0.814453125 0.177734375 0.814453125 0.1796875 0.83203125 0.18359375 0.83984375 0.18359375 0.849609375 0.185546875 0.8515625 0.185546875 0.865234375 0.181640625 0.861328125 0.181640625 0.8515625 0.177734375 0.84765625 0.171875 0.85546875 0.171875 0.861328125 0.16796875 0.859375 0.169921875 0.83984375 0.171875 0.837890625 0.17578125 0.81640625
1 0.732421875 0.76953125 0.732421875 0.78125 0.736328125 0.79296875 0.736328125 0.806640625 0.740234375 0.818359375 0.740234375 0.833984375 0.744140625 0.841796875 0.744140625 0.859375 0.73828125 0.85546875 0.736328125 0.859375 0.728515625 0.861328125 0.724609375 0.853515625 0.720703125 0.85546875 0.720703125 0.833984375 0.724609375 0.822265625 0.724609375 0.806640625 0.728515625 0.794921875 0.728515625 0.78125 0.732421875 0.771484375
1 0.4140625 0.830078125 0.416015625 0.830078125 0.419921875 0.841796875 0.419921875 0.853515625 0.421875 0.85546875 0.419921875 0.861328125 0.416015625 0.865234375 0.412109375 0.865234375 0.41015625 0.845703125 0.4140625 0.837890625 0.4140625 0.83203125
1 0.0625 0.802734375 0.06640625 0.81640625 0.06640625 0.828125 0.068359375 0.830078125 0.068359375 0.841796875 0.072265625 0.853515625 0.07421875 0.873046875 0.068359375 0.876953125 0.052734375 0.875 0.05078125 0.873046875 0.052734375 0.84765625 0.056640625 0.83984375 0.056640625 0.830078125 0.060546875 0.818359375 0.060546875 0.8046875
1 0.8564453125 0.8544921875 0.0126953125 0.021484375
1 0.5390625 0.83984375 0.541015625 0.83984375 0.541015625 0.853515625 0.537109375 0.859375 0.53515625 0.857421875 0.5390625 0.84765625 0.5390625 0.841796875
1 0.62109375 0.826171875 0.623046875 0.828125 0.623046875 0.837890625 0.62890625 0.859375 0.623046875 0.865234375 0.6171875 0.85546875 0.6171875 0.84375 0.619140625 0.841796875 0.62109375 0.828125
1 0.48046875 0.77734375 0.482421875 0.796875 0.486328125 0.80859375 0.486328125 0.8203125 0.490234375 0.83203125 0.490234375 0.849609375 0.486328125 0.8515625 0.484375 0.859375 0.48046875 0.861328125 0.4765625 0.857421875 0.466796875 0.865234375 0.466796875 0.845703125 0.46875 0.84375 0.46875 0.833984375 0.470703125 0.83203125 0.47265625 0.8125 0.4765625 0.80078125 0.4765625 0.7890625 0.48046875 0.779296875
1 0.755859375 0.814453125 0.759765625 0.818359375 0.759765625 0.828125 0.765625 0.84765625 0.765625 0.86328125 0.76171875 0.859375 0.76171875 0.8515625 0.7578125 0.84765625 0.75390625 0.8515625 0.751953125 0.859375 0.75 0.859375 0.75 0.845703125 0.751953125 0.84375 0.755859375 0.81640625
1 0.08984375 0.845703125 0.095703125 0.849609375 0.095703125 0.853515625 0.099609375 0.857421875 0.099609375 0.865234375 0.091796875 0.876953125 0.078125 0.876953125 0.076171875 0.875 0.078125 0.865234375 0.08984375 0.84765625
1 0.83203125 0.798828125 0.8359375 0.80859375 0.8359375 0.818359375 0.84375 0.84765625 0.84375 0.861328125 0.8359375 0.865234375 0.830078125 0.859375 0.8203125 0.861328125 0.8203125 0.8515625 0.82421875 0.841796875 0.82421875 0.833984375 0.828125 0.826171875 0.828125 0.814453125 0.83203125 0.806640625 0.83203125 0.80078125
1 0.779296875 0.8515625 0.78125 0.86328125 0.775390625 0.86328125 0.771484375 0.859375 0.771484375 0.85546875 0.77734375 0.8515625