2 0.12890625 0.736328125 0.1328125 0.73828125 0.134765625 0.748046875 0.140625 0.759765625 0.140625 0.765625 0.14453125 0.771484375 0.142578125 0.7734375 0.140625 0.76953125 0.134765625 0.78125 0.123046875 0.779296875 0.119140625 0.7734375 0.119140625 0.7578125 0.123046875 0.75390625 0.125 0.744140625 0.12890625 0.73828125
2 0.103515625 0.75390625 0.109375 0.76953125 0.109375 0.783203125 0.10546875 0.783203125 0.103515625 0.787109375 0.095703125 0.791015625 0.09765625 0.787109375 0.09765625 0.76953125 0.1015625 0.763671875 0.1015625 0.755859375
2 0.025390625 0.75390625 0.029296875 0.755859375 0.03125 0.77734375 0.03515625 0.78515625 0.03515625 0.794921875 0.033203125 0.796875 0.029296875 0.798828125 0.017578125 0.796875 0.021484375 0.767578125 0.025390625 0.76171875 0.025390625 0.755859375
2 0.05078125 0.734375 0.0546875 0.736328125 0.0546875 0.7421875 0.060546875 0.75390625 0.0625 0.77734375 0.05859375 0.787109375 0.0546875 0.7890625 0.0546875 0.794921875 0.052734375 0.796875 0.037109375 0.796875 0.0390625 0.775390625 0.04296875 0.76953125 0.04296875 0.76171875 0.044921875 0.759765625 0.044921875 0.75390625 0.048828125 0.75 0.05078125 0.736328125
2 0.19921875 0.779296875 0.1953125 0.7734375 0.1953125 0.759765625 0.19921875 0.75390625 0.19921875 0.748046875 0.205078125 0.734375 0.20703125 0.734375 0.208984375 0.748046875 0.212890625 0.75390625 0.21875 0.78125 0.212890625 0.78515625 0.20703125 0.78515625 0.201171875 0.779296875
2 0.16796875 0.703125 0.169921875 0.703125 0.169921875 0.712890625 0.173828125 0.720703125 0.173828125 0.73046875 0.17578125 0.732421875 0.17578125 0.74609375 0.1796875 0.751953125 0.1796875 0.76171875 0.181640625 0.763671875 0.181640625 0.775390625 0.17578125 0.77734375 0.171875 0.76953125 0.171875 0.76171875 0.16796875 0.759765625 0.1640625 0.765625 0.1640625 0.77734375 0.162109375 0.78125 0.15625 0.78125 0.154296875 0.779296875 0.158203125 0.767578125 0.158203125 0.75390625 0.16015625 0.751953125 0.16015625 0.7421875 0.1640625 0.734375 0.1640625 0.72265625 0.166015625 0.720703125 0.16796875 0.705078125
2 0.7421875 0.720703125 0.744140625 0.724609375 0.744140625 0.736328125 0.75 0.75390625 0.75 0.76171875 0.75390625 0.76953125 0.75390625 0.78125 0.74609375 0.787109375 0.740234375 0.787109375 0.73046875 0.783203125 0.73046875 0.771484375 0.732421875 0.76953125 0.734375 0.75 0.73828125 0.744140625 0.740234375 0.72265625
2 0.078125 0.685546875 0.08203125 0.6953125 0.083984375 0.71875 0.087890625 0.724609375 0.087890625 0.73828125 0.08984375 0.740234375 0.08984375 0.748046875 0.095703125 0.76953125 0.095703125 0.783203125 0.091796875 0.7890625 0.087890625 0.783203125 0.083984375 0.783203125 0.078125 0.787109375 0.072265625 0.78515625 0.068359375 0.78125 0.064453125 0.76953125 0.06640625 0.7421875 0.072265625 0.72265625 0.072265625 0.7109375 0.07421875 0.708984375 0.07421875 0.69921875 0.078125 0.693359375 0.078125 0.6875
2 0.80078125 0.73828125 0.806640625 0.7578125 0.80859375 0.78125 0.80078125 0.787109375 0.794921875 0.787109375 0.791015625 0.78125 0.79296875 0.77734375 0.79296875 0.765625 0.796875 0.759765625 0.796875 0.75 0.80078125 0.740234375
2 0.32705882421875 0.38571428515625 0.318823529296875 0.428571427734375 0.365882353515625 0.428571427734375 0.341176470703125 0.342857142578125 0.32705882421875 0.38571428515625
2 0.5047058828125 0.626530611328125 0.501176470703125 0.62244898046875 0.49764705859375 0.632653060546875 0.478823529296875 0.70612244921875 0.523529412109375 0.70612244921875 0.5047058828125 0.626530611328125
0 0.34375 0.453125 0.060546875 0.0478515625
0 0.126953125 0.5458984375 0.0615234375 0.04296875
0 0.2353515625 0.638671875 0.064453125 0.052734375
0 0.6630859375 0.7548828125 0.0576171875 0.0888671875
0 0.87890625 0.703125 0.0654296875 0.185546875
0 0.47294117578125 0.810612244140625 0.53294117578125 0.810824490234375 0.532 0.703136734375 0.309882353515625 0.70803265234375 0.311764705078125 0.812457142578125 0.37294117578125 0.807561224609375 0.370117646484375 0.74882244921875 0.46705882421875 0.75534898046875 0.47294117578125 0.810612244140625
1 0.3952941171875 0.655102041015625 0.363529412109375 0.5877551015625 0.32705882421875 0.640816326171875 0.328235294921875 0.655102041015625 0.358823529296875 0.708163265625 0.3952941171875 0.655102041015625