1 0.77297297265625 0.618439716796875 0.772200771484375 0.709219857421875 0.82162162109375 0.710638298828125 0.823938224609375 0.706382978515625 0.8231660234375 0.621276595703125 0.77297297265625 0.618439716796875
2 0.501930501953125 0.61985815625 0.4795366796875 0.70780141796875 0.525096525390625 0.709219857421875 0.5204633203125 0.67801418359375 0.501930501953125 0.61985815625
2 0.415444015625 0.65957446875 0.410038609375 0.690780142578125 0.41930501953125 0.696453900390625 0.420077220703125 0.680851064453125 0.415444015625 0.65957446875
2 0.39073358984375 0.641134751953125 0.387644787109375 0.6397163125 0.379922779296875 0.67234042578125 0.381467181640625 0.68794326171875 0.389961390625 0.69219858203125 0.393050193359375 0.6851063828125 0.4023166015625 0.693617021484375 0.404633205078125 0.69219858203125 0.40154440234375 0.67801418359375 0.39073358984375 0.641134751953125
2 0.36293436328125 0.590070921875 0.34749034765625 0.6751773046875 0.34749034765625 0.689361701171875 0.360617759765625 0.69219858203125 0.363706564453125 0.683687943359375 0.376061775390625 0.68794326171875 0.37837837890625 0.663829787109375 0.373745173828125 0.63687943359375 0.36293436328125 0.590070921875
2 0.338996138671875 0.65957446875 0.333590734375 0.6851063828125 0.335135134765625 0.6950354609375 0.342857142578125 0.69787233984375 0.3459459453125 0.68794326171875 0.34362934375 0.6751773046875 0.338996138671875 0.65957446875
2 0.315830115234375 0.6453900703125 0.311196912109375 0.643971630859375 0.297297296875 0.69219858203125 0.3127413125 0.693617021484375 0.31814671875 0.679432625 0.325096525390625 0.6950354609375 0.328185328125 0.68794326171875 0.3258687265625 0.673758865234375 0.315830115234375 0.6453900703125
2 0.27567567578125 0.60709219921875 0.259459458984375 0.6851063828125 0.26254826171875 0.69219858203125 0.277220078125 0.679432625 0.280308880859375 0.689361701171875 0.288030888671875 0.693617021484375 0.288030888671875 0.6751773046875 0.27567567578125 0.60709219921875
2 0.2386100390625 0.6397163125 0.22702702734375 0.68794326171875 0.2386100390625 0.6950354609375 0.25250965234375 0.6851063828125 0.251737451171875 0.67801418359375 0.2386100390625 0.6397163125
2 0.21158301171875 0.680851064453125 0.2131274140625 0.690780142578125 0.216216216796875 0.689361701171875 0.215444015625 0.676595744140625 0.21158301171875 0.680851064453125
2 0.08185328125 0.663829787109375 0.077220078125 0.666666666015625 0.0741312734375 0.693617021484375 0.07799227734375 0.699290779296875 0.086486486328125 0.69219858203125 0.084169884765625 0.670921986328125 0.08185328125 0.663829787109375
2 0.061003861328125 0.63687943359375 0.057142857421875 0.638297873046875 0.05019305078125 0.689361701171875 0.06254826171875 0.693617021484375 0.06795366796875 0.68794326171875 0.06563706640625 0.660992908203125 0.061003861328125 0.63687943359375
2 0.02702702734375 0.67801418359375 0.01930501953125 0.693617021484375 0.020077220703125 0.699290779296875 0.0231660234375 0.7049645390625 0.035521236328125 0.6950354609375 0.037837837890625 0.689361701171875 0.03474903515625 0.68226950390625 0.02702702734375 0.67801418359375
2 0.00540540625 0.656737587890625 0.000772201171875 0.651063830078125 0.000772201171875 0.700709220703125 0.012355212890625 0.696453900390625 0.012355212890625 0.683687943359375 0.00540540625 0.656737587890625
0 0.4501953125 0.619140625 0.0654296875 0.2041015625
0 0.208984375 0.5439453125 0.0654296875 0.0537109375
0 0.078125 0.642578125 0.111328125 0.060546875