0 0.8154296875 0.6826171875 0.166015625 0.056640625
0 0.625 0.771484375 0.12109375 0.0458984375
0 0.3857421875 0.6806640625 0.05859375 0.0517578125
0 0.171875 0.583984375 0.06640625 0.0478515625
0 0.06640625 0.6796875 0.0390625 0.0380859375
2 0.16796875 0.775390625 0.1796875 0.80078125 0.177734375 0.818359375 0.173828125 0.818359375 0.16796875 0.822265625 0.162109375 0.818359375 0.162109375 0.810546875 0.15625 0.80859375 0.158203125 0.796875 0.162109375 0.79296875 0.1640625 0.783203125 0.16796875 0.77734375
2 0.12890625 0.744140625 0.130859375 0.744140625 0.130859375 0.751953125 0.1328125 0.75390625 0.1328125 0.76171875 0.138671875 0.783203125 0.138671875 0.794921875 0.142578125 0.802734375 0.142578125 0.8125 0.14453125 0.814453125 0.14453125 0.822265625 0.140625 0.822265625 0.134765625 0.818359375 0.134765625 0.80859375 0.1328125 0.802734375 0.12890625 0.80078125 0.125 0.806640625 0.123046875 0.818359375 0.12109375 0.8203125 0.115234375 0.818359375 0.1171875 0.814453125 0.1171875 0.802734375 0.12109375 0.79296875 0.12109375 0.783203125 0.123046875 0.78125 0.123046875 0.767578125 0.126953125 0.759765625 0.12890625 0.74609375
2 0.73046875 0.734375 0.734375 0.744140625 0.736328125 0.767578125 0.73828125 0.76953125 0.7421875 0.80078125 0.74609375 0.8125 0.74609375 0.818359375 0.736328125 0.826171875 0.724609375 0.818359375 0.724609375 0.8125 0.720703125 0.806640625 0.720703125 0.7890625 0.724609375 0.78125 0.7265625 0.751953125 0.73046875 0.744140625 0.73046875 0.736328125
2 0.84375 0.787109375 0.845703125 0.806640625 0.84765625 0.80859375 0.84765625 0.82421875 0.841796875 0.828125 0.837890625 0.82421875 0.841796875 0.7890625
2 0.06640625 0.802734375 0.068359375 0.802734375 0.0703125 0.818359375 0.072265625 0.8203125 0.072265625 0.828125 0.0625 0.828125 0.06640625 0.8046875
2 0.09375 0.771484375 0.09375 0.77734375 0.1015625 0.794921875 0.103515625 0.80859375 0.099609375 0.818359375 0.091796875 0.826171875 0.087890625 0.8359375 0.080078125 0.8359375 0.078125 0.83203125 0.078125 0.822265625 0.080078125 0.8203125 0.083984375 0.798828125 0.087890625 0.79296875 0.08984375 0.779296875 0.09375 0.7734375
2 0.705078125 0.77734375 0.70703125 0.779296875 0.70703125 0.7890625 0.712890625 0.80078125 0.712890625 0.818359375 0.7109375 0.8203125 0.701171875 0.8203125 0.697265625 0.814453125 0.697265625 0.802734375 0.701171875 0.796875 0.703125 0.779296875
2 0.763671875 0.78125 0.765625 0.79296875 0.771484375 0.8046875 0.771484375 0.822265625 0.76953125 0.82421875 0.765625 0.822265625 0.767578125 0.81640625 0.763671875 0.810546875 0.759765625 0.814453125 0.759765625 0.8203125 0.7578125 0.822265625 0.75390625 0.8203125 0.75390625 0.80859375 0.759765625 0.794921875 0.76171875 0.783203125
2 0.681640625 0.8125 0.685546875 0.8125 0.685546875 0.8203125 0.681640625 0.826171875 0.6796875 0.826171875 0.6796875 0.81640625 0.681640625 0.814453125
2 0.822265625 0.763671875 0.822265625 0.775390625 0.826171875 0.78125 0.826171875 0.79296875 0.828125 0.794921875 0.828125 0.818359375 0.822265625 0.82421875 0.822265625 0.81640625 0.814453125 0.806640625 0.8203125 0.765625
2 0.271484375 0.791015625 0.2734375 0.791015625 0.2734375 0.798828125 0.27734375 0.806640625 0.27734375 0.822265625 0.271484375 0.822265625 0.267578125 0.814453125 0.267578125 0.802734375 0.271484375 0.796875 0.271484375 0.79296875
2 0.244140625 0.771484375 0.24609375 0.771484375 0.248046875 0.783203125 0.251953125 0.7890625 0.25390625 0.802734375 0.2578125 0.810546875 0.25390625 0.82421875 0.25 0.826171875 0.2421875 0.818359375 0.2421875 0.810546875 0.23828125 0.8046875 0.23828125 0.79296875 0.244140625 0.779296875 0.244140625 0.7734375
2 0.193359375 0.791015625 0.197265625 0.794921875 0.19921875 0.8125 0.201171875 0.814453125 0.19921875 0.826171875 0.197265625 0.828125 0.19140625 0.82421875 0.19140625 0.80078125 0.193359375 0.798828125 0.193359375 0.79296875
2 0.791015625 0.8046875 0.798828125 0.814453125 0.798828125 0.822265625 0.787109375 0.828125 0.783203125 0.82421875 0.783203125 0.8203125 0.791015625 0.806640625
2 0.21875 0.724609375 0.22265625 0.732421875 0.224609375 0.75390625 0.228515625 0.76171875 0.23046875 0.783203125 0.234375 0.79296875 0.234375 0.802734375 0.23046875 0.814453125 0.22265625 0.822265625 0.216796875 0.818359375 0.216796875 0.814453125 0.212890625 0.80859375 0.20703125 0.814453125 0.203125 0.810546875 0.20703125 0.796875 0.208984375 0.775390625 0.212890625 0.765625 0.21484375 0.7421875 0.21875 0.736328125 0.21875 0.7265625
1 0.634117646484375 0.62244898046875 0.6047058828125 0.6877551015625 0.608235294921875 0.7 0.641176470703125 0.742857142578125 0.64705882421875 0.740816326171875 0.674117646484375 0.6795918359375 0.6447058828125 0.632653060546875 0.634117646484375 0.62244898046875