2 0.373046875 0.85546875 0.009765625 0.0205078125
2 0.337890625 0.84765625 0.33984375 0.84765625 0.341796875 0.853515625 0.341796875 0.8671875 0.337890625 0.869140625 0.3359375 0.8671875 0.337890625 0.849609375
2 0.716796875 0.796875 0.720703125 0.796875 0.720703125 0.8046875 0.724609375 0.80859375 0.7265625 0.828125 0.73046875 0.833984375 0.73046875 0.841796875 0.736328125 0.853515625 0.73828125 0.8671875 0.7421875 0.873046875 0.7421875 0.87890625 0.72265625 0.87890625 0.720703125 0.880859375 0.6953125 0.87890625 0.6953125 0.869140625 0.69921875 0.865234375 0.69921875 0.859375 0.703125 0.853515625 0.703125 0.845703125 0.7109375 0.826171875 0.716796875 0.798828125
2 0.376953125 0.330078125 0.376953125 0.3359375 0.369140625 0.361328125 0.369140625 0.369140625 0.365234375 0.375 0.365234375 0.380859375 0.359375 0.392578125 0.357421875 0.40625 0.353515625 0.4140625 0.341796875 0.37890625 0.341796875 0.37109375 0.3359375 0.35546875 0.3359375 0.34765625 0.33203125 0.341796875 0.33203125 0.33203125 0.37109375 0.33203125 0.375 0.330078125
2 0.974609375 0.830078125 0.9765625 0.830078125 0.98046875 0.841796875 0.98046875 0.84765625 0.970703125 0.84765625 0.970703125 0.841796875 0.974609375 0.83203125
2 0.322265625 0.33203125 0.322265625 0.341796875 0.318359375 0.34765625 0.31640625 0.3671875 0.3125 0.373046875 0.3125 0.37890625 0.306640625 0.390625 0.3046875 0.40625 0.30078125 0.4140625 0.298828125 0.4140625 0.296875 0.3984375 0.287109375 0.375 0.287109375 0.36328125 0.28125 0.349609375 0.279296875 0.3359375 0.283203125 0.33203125 0.3203125 0.33203125
2 0.19921875 0.81640625 0.203125 0.841796875 0.205078125 0.84375 0.205078125 0.859375 0.203125 0.865234375 0.19921875 0.861328125 0.193359375 0.8671875 0.189453125 0.865234375 0.189453125 0.8515625 0.193359375 0.845703125 0.1953125 0.828125 0.19921875 0.818359375
2 0.216796875 0.84375 0.220703125 0.84375 0.220703125 0.849609375 0.224609375 0.853515625 0.224609375 0.861328125 0.216796875 0.861328125 0.21484375 0.85546875 0.216796875 0.845703125
2 0.140625 0.802734375 0.140625 0.810546875 0.14453125 0.81640625 0.146484375 0.83984375 0.15234375 0.857421875 0.150390625 0.865234375 0.140625 0.8671875 0.13671875 0.861328125 0.130859375 0.861328125 0.126953125 0.865234375 0.130859375 0.8359375 0.134765625 0.830078125 0.134765625 0.8203125 0.13671875 0.818359375 0.138671875 0.8046875
2 0.6640625 0.796875 0.66796875 0.80078125 0.66796875 0.80859375 0.673828125 0.822265625 0.67578125 0.8359375 0.6796875 0.84375 0.681640625 0.857421875 0.685546875 0.861328125 0.685546875 0.87109375 0.6875 0.873046875 0.6875 0.87890625 0.642578125 0.87890625 0.640625 0.876953125 0.646484375 0.861328125 0.6484375 0.845703125 0.65234375 0.841796875 0.654296875 0.828125 0.658203125 0.822265625 0.658203125 0.814453125 0.6640625 0.798828125
2 0.611328125 0.796875 0.615234375 0.8046875 0.6171875 0.822265625 0.623046875 0.833984375 0.623046875 0.841796875 0.62890625 0.8515625 0.62890625 0.857421875 0.6328125 0.8671875 0.6328125 0.87890625 0.591796875 0.87890625 0.58984375 0.876953125 0.591796875 0.859375 0.595703125 0.853515625 0.6015625 0.826171875 0.60546875 0.822265625 0.60546875 0.8125 0.609375 0.798828125
2 0.4072265625 0.37109375 0.0458984375 0.08203125
1 0.350588234375 0.51020408203125 0.338823529296875 0.51020408203125 0.336470587890625 0.51836734765625 0.33294117578125 0.59795918359375 0.38235294140625 0.608163265625 0.389411765625 0.52244898046875 0.350588234375 0.51020408203125
0 0.30078125 0.7421875 0.0556640625 0.2744140625
0 0.3544921875 0.28125 0.1611328125 0.0966796875
0 0.0869140625 0.7470703125 0.046875 0.078125
0 0.0859375 0.8369140625 0.048828125 0.078125
0 0.528235294921875 0.8353 0.529176470703125 0.88424898046875 0.587529412109375 0.88424898046875 0.586588234375 0.783087755859375 0.421882353515625 0.78961428515625 0.423764705078125 0.885879591796875 0.477411765625 0.882616326171875 0.481176470703125 0.838563265625 0.528235294921875 0.8353