2 0.224609375 0.638671875 0.232421875 0.671875 0.236328125 0.677734375 0.23828125 0.689453125 0.2421875 0.693359375 0.2421875 0.703125 0.244140625 0.705078125 0.24609375 0.71875 0.236328125 0.72265625 0.201171875 0.720703125 0.19921875 0.71875 0.203125 0.7109375 0.205078125 0.69921875 0.208984375 0.693359375 0.2109375 0.67578125 0.21484375 0.669921875 0.216796875 0.65625 0.220703125 0.65234375 0.22265625 0.640625
2 0.67578125 0.689453125 0.68359375 0.70703125 0.681640625 0.7109375 0.677734375 0.712890625 0.669921875 0.705078125 0.673828125 0.69140625
2 0.97265625 0.486328125 0.974609375 0.486328125 0.978515625 0.494140625 0.978515625 0.505859375 0.96875 0.505859375 0.970703125 0.490234375 0.97265625 0.48828125
2 0.640625 0.689453125 0.64453125 0.693359375 0.64453125 0.7109375 0.640625 0.7109375 0.640625 0.69140625
2 0.896484375 0.6171875 0.8984375 0.619140625 0.8984375 0.6328125 0.90234375 0.64453125 0.904296875 0.669921875 0.908203125 0.67578125 0.908203125 0.689453125 0.912109375 0.701171875 0.91015625 0.70703125 0.90234375 0.716796875 0.8984375 0.720703125 0.89453125 0.716796875 0.89453125 0.7109375 0.888671875 0.705078125 0.8828125 0.705078125 0.884765625 0.677734375 0.890625 0.65625 0.890625 0.64453125 0.89453125 0.63671875 0.89453125 0.619140625
2 0.169921875 0.642578125 0.173828125 0.6484375 0.17578125 0.66015625 0.1796875 0.6640625 0.193359375 0.720703125 0.1484375 0.720703125 0.146484375 0.71875 0.1484375 0.708984375 0.154296875 0.69921875 0.154296875 0.6875 0.158203125 0.68359375 0.158203125 0.67578125 0.1640625 0.662109375 0.16796875 0.64453125
2 0.353515625 0.689453125 0.35546875 0.689453125 0.359375 0.69921875 0.359375 0.7109375 0.34765625 0.708984375 0.34765625 0.701171875 0.353515625 0.69140625
2 0.86328125 0.6640625 0.869140625 0.67578125 0.869140625 0.68359375 0.873046875 0.6953125 0.873046875 0.703125 0.869140625 0.703125 0.8671875 0.6953125 0.86328125 0.693359375 0.859375 0.69921875 0.859375 0.705078125 0.85546875 0.70703125 0.85546875 0.69140625 0.859375 0.685546875 0.859375 0.677734375 0.86328125 0.666015625
2 0.0634765625 0.68359375 0.0302734375 0.052734375
2 0.921875 0.66015625 0.92578125 0.666015625 0.927734375 0.689453125 0.931640625 0.6953125 0.931640625 0.708984375 0.92578125 0.7109375 0.919921875 0.705078125 0.9140625 0.70703125 0.9140625 0.6953125 0.91796875 0.685546875 0.91796875 0.673828125 0.921875 0.662109375
2 0.3203125 0.69140625 0.322265625 0.69140625 0.322265625 0.708984375 0.3203125 0.7109375 0.318359375 0.708984375 0.318359375 0.6953125 0.3203125 0.693359375
2 0.1171875 0.638671875 0.12109375 0.65625 0.130859375 0.681640625 0.1328125 0.697265625 0.138671875 0.708984375 0.138671875 0.720703125 0.091796875 0.720703125 0.095703125 0.712890625 0.09765625 0.69921875 0.1015625 0.693359375 0.1015625 0.685546875 0.11328125 0.654296875 0.115234375 0.640625
2 0.939453125 0.720703125 0.939453125 0.716796875 0.935546875 0.712890625 0.935546875 0.70703125 0.94140625 0.697265625 0.9453125 0.69921875 0.955078125 0.71484375 0.955078125 0.720703125 0.94140625 0.720703125
2 0.8359375 0.69140625 0.84375 0.703125 0.841796875 0.7109375 0.83203125 0.708984375 0.828125 0.705078125 0.833984375 0.693359375
2 0.626953125 0.6875 0.630859375 0.701171875 0.62890625 0.7109375 0.625 0.712890625 0.623046875 0.70703125 0.625 0.689453125
2 0.806640625 0.650390625 0.810546875 0.662109375 0.8125 0.69140625 0.81640625 0.697265625 0.814453125 0.701171875 0.814453125 0.697265625 0.810546875 0.6953125 0.806640625 0.69921875 0.8046875 0.70703125 0.80078125 0.703125 0.796875 0.703125 0.798828125 0.6796875 0.802734375 0.671875 0.802734375 0.662109375 0.806640625 0.65234375
2 0.3046875 0.689453125 0.310546875 0.703125 0.310546875 0.70703125 0.3046875 0.71484375 0.30078125 0.712890625 0.302734375 0.69140625
1 0.3603515625 0.5869140625 0.0595703125 0.0986328125
0 0.509411765625 0.68192653125 0.518823529296875 0.740665306640625 0.5752941171875 0.729242857421875 0.572470587890625 0.621557142578125 0.245882353515625 0.633061224609375 0.250588234375 0.735769388671875 0.305176470703125 0.734138775390625 0.30705882421875 0.678663265625 0.509411765625 0.68192653125
0 0.8952941171875 0.592187755859375 0.8952941171875 0.538342857421875 0.730588234375 0.53018571484375 0.72964705859375 0.735769388671875 0.790823529296875 0.73903265234375 0.790823529296875 0.5905551015625 0.8952941171875 0.592187755859375
0 0.9228515625 0.5625 0.0419921875 0.037109375
0 0.9736328125 0.587890625 0.013671875 0.0244140625
0 0.9755859375 0.6826171875 0.0166015625 0.0361328125