2 0.4326171875 0.9794921875 0.029296875 0.041015625
2 0.080078125 0.94921875 0.08203125 0.94921875 0.083984375 0.97265625 0.08984375 0.990234375 0.08984375 0.99609375 0.087890625 0.998046875 0.0859375 0.99609375 0.072265625 0.99609375 0.0703125 0.994140625 0.072265625 0.9921875 0.072265625 0.98046875 0.07421875 0.978515625 0.07421875 0.970703125 0.078125 0.96484375 0.078125 0.953125 0.080078125 0.951171875
2 0.470703125 0.927734375 0.47265625 0.9296875 0.474609375 0.94921875 0.48046875 0.970703125 0.48046875 0.994140625 0.474609375 0.99609375 0.458984375 0.99609375 0.458984375 0.986328125 0.462890625 0.9765625 0.462890625 0.966796875 0.46875 0.947265625 0.470703125 0.9296875
2 0.328125 0.978515625 0.330078125 0.978515625 0.330078125 0.986328125 0.333984375 0.9921875 0.330078125 0.998046875 0.32421875 0.994140625 0.328125 0.98046875
2 0.400390625 0.99609375 0.40625 0.978515625 0.408203125 0.978515625 0.41015625 0.99609375 0.408203125 0.998046875 0.40234375 0.99609375
2 0.35546875 0.958984375 0.359375 0.96875 0.359375 0.978515625 0.36328125 0.982421875 0.365234375 0.998046875 0.349609375 0.998046875 0.34375 0.994140625 0.349609375 0.98046875 0.349609375 0.97265625 0.353515625 0.966796875 0.353515625 0.9609375
2 0.380859375 0.912109375 0.38671875 0.93359375 0.388671875 0.958984375 0.392578125 0.966796875 0.39453125 0.9921875 0.396484375 0.994140625 0.38671875 0.998046875 0.3828125 0.998046875 0.373046875 0.9921875 0.3671875 0.994140625 0.3671875 0.974609375 0.373046875 0.95703125 0.373046875 0.943359375 0.376953125 0.9375 0.37890625 0.9140625
2 0.890625 0.9609375 0.89453125 0.970703125 0.89453125 0.978515625 0.8984375 0.986328125 0.8984375 0.998046875 0.8828125 0.99609375 0.890625 0.962890625
2 0.13671875 0.96484375 0.140625 0.97265625 0.140625 0.982421875 0.14453125 0.990234375 0.14453125 0.998046875 0.130859375 0.99609375 0.13671875 0.966796875
2 0.5078125 0.958984375 0.51171875 0.96875 0.513671875 0.982421875 0.517578125 0.98828125 0.517578125 0.99609375 0.513671875 0.998046875 0.498046875 0.998046875 0.5 0.978515625 0.5078125 0.9609375
2 0.93359375 0.970703125 0.9375 0.978515625 0.9375 0.98828125 0.939453125 0.990234375 0.939453125 0.998046875 0.9296875 0.998046875 0.9296875 0.986328125 0.93359375 0.98046875 0.93359375 0.97265625
2 0.255859375 0.984375 0.259765625 0.986328125 0.259765625 0.998046875 0.25390625 0.99609375 0.255859375 0.986328125
1 0.369411765625 0.255102041015625 0.390588234375 0.19795918359375 0.394117646484375 0.175510203125 0.351764705078125 0.132653060546875 0.32705882421875 0.19795918359375 0.32705882421875 0.2122448984375 0.369411765625 0.255102041015625
0 0.2177734375 0.8291015625 0.0625 0.341796875
0 0.5927734375 0.96484375 0.1103515625 0.0703125
0 0.830078125 0.9208984375 0.05859375 0.158203125