2 0.171428572265625 0.66241134765625 0.168339767578125 0.660992908203125 0.146718146484375 0.73758865234375 0.146718146484375 0.7446808515625 0.191505791015625 0.743262412109375 0.171428572265625 0.66241134765625
2 0.272586873046875 0.658156029296875 0.2694980703125 0.660992908203125 0.25250965234375 0.726241134765625 0.251737451171875 0.7446808515625 0.295752896484375 0.743262412109375 0.272586873046875 0.658156029296875
2 0.299613900390625 0.7347517734375 0.299613900390625 0.7446808515625 0.34208494140625 0.741843970703125 0.321235521484375 0.66241134765625 0.299613900390625 0.7347517734375
2 0.3513513515625 0.7446808515625 0.38841698828125 0.7446808515625 0.393050193359375 0.74042553125 0.369884169921875 0.65957446875 0.3513513515625 0.723404255859375 0.348262548828125 0.74042553125 0.3513513515625 0.7446808515625
2 0.40386100390625 0.7446808515625 0.44247104296875 0.74042553125 0.42162162109375 0.66241134765625 0.4177606171875 0.660992908203125 0.3976833984375 0.736170212890625 0.3976833984375 0.743262412109375 0.40386100390625 0.7446808515625
2 0.57297297265625 0.74042553125 0.57297297265625 0.7446808515625 0.610810810546875 0.743262412109375 0.593050193359375 0.71205673828125 0.57297297265625 0.74042553125
2 0.6332046328125 0.726241134765625 0.6231660234375 0.743262412109375 0.6640926640625 0.743262412109375 0.64478764453125 0.710638298828125 0.6332046328125 0.726241134765625
2 0.68108108203125 0.7347517734375 0.676447876953125 0.7446808515625 0.71660231640625 0.7446808515625 0.697297296875 0.71205673828125 0.68108108203125 0.7347517734375
2 0.73204633203125 0.74042553125 0.7305019296875 0.7446808515625 0.769884169921875 0.7446808515625 0.7513513515625 0.71205673828125 0.73204633203125 0.74042553125
2 0.8 0.713475177734375 0.7822393828125 0.7446808515625 0.8231660234375 0.7446808515625 0.804633205078125 0.71205673828125 0.8 0.713475177734375
2 0.85096525 0.7148936171875 0.8332046328125 0.7446808515625 0.87799227734375 0.7446808515625 0.857142857421875 0.710638298828125 0.85096525 0.7148936171875
2 0.92972973046875 0.7446808515625 0.90888030859375 0.71205673828125 0.888030888671875 0.74042553125 0.886486486328125 0.7446808515625 0.888803087890625 0.746099291015625 0.92972973046875 0.7446808515625
2 0.981467181640625 0.7446808515625 0.962162162109375 0.71205673828125 0.94208494140625 0.74042553125 0.940540541015625 0.7446808515625 0.952123552734375 0.74751773046875 0.981467181640625 0.7446808515625
1 0.33745173828125 0.34042553125 0.383011583984375 0.365957447265625 0.3976833984375 0.276595744140625 0.3513513515625 0.248226951171875 0.33976833984375 0.3049645390625 0.3359073359375 0.330496453125 0.33745173828125 0.34042553125
0 0.22265625 0.65234375 0.05859375 0.193359375