1 0.352123552734375 0.516312056640625 0.355984556640625 0.493617021484375 0.383783783203125 0.5049645390625 0.3976833984375 0.4156028359375 0.34980694921875 0.390070921875 0.336679537109375 0.466666666015625 0.3359073359375 0.479432625 0.34517374609375 0.486524822265625 0.34362934375 0.51773049609375 0.352123552734375 0.516312056640625
2 0.203088802734375 0.536170212890625 0.199227798828125 0.539007091796875 0.189189189453125 0.5744680859375 0.17837837890625 0.62269503515625 0.224710423828125 0.62269503515625 0.224710423828125 0.614184396484375 0.203088802734375 0.536170212890625
2 0.837890625 0.65234375 0.84375 0.6640625 0.84765625 0.681640625 0.8515625 0.685546875 0.8515625 0.69140625 0.85546875 0.701171875 0.849609375 0.703125 0.845703125 0.697265625 0.84375 0.69921875 0.837890625 0.69921875 0.837890625 0.6953125 0.833984375 0.689453125 0.830078125 0.69140625 0.828125 0.703125 0.82421875 0.701171875 0.82421875 0.685546875 0.828125 0.673828125 0.83203125 0.669921875 0.83203125 0.6640625 0.8359375 0.654296875
2 0.568359375 0.677734375 0.5703125 0.6796875 0.5703125 0.69140625 0.572265625 0.693359375 0.564453125 0.697265625 0.56640625 0.693359375 0.56640625 0.6796875
2 0.546875 0.65625 0.55078125 0.66015625 0.552734375 0.68359375 0.556640625 0.69140625 0.552734375 0.703125 0.541015625 0.703125 0.5390625 0.69921875 0.54296875 0.685546875 0.54296875 0.67578125 0.546875 0.66796875 0.546875 0.658203125
2 0.787109375 0.599609375 0.7890625 0.6015625 0.7890625 0.61328125 0.79296875 0.623046875 0.79296875 0.6328125 0.796875 0.642578125 0.796875 0.65625 0.798828125 0.658203125 0.798828125 0.669921875 0.80078125 0.671875 0.80078125 0.68359375 0.802734375 0.685546875 0.80078125 0.69921875 0.794921875 0.703125 0.791015625 0.701171875 0.7890625 0.693359375 0.783203125 0.685546875 0.77734375 0.69921875 0.7734375 0.69921875 0.771484375 0.6953125 0.775390625 0.658203125 0.779296875 0.6484375 0.779296875 0.63671875 0.783203125 0.626953125 0.783203125 0.615234375 0.787109375 0.6015625
2 0.876953125 0.6171875 0.87890625 0.63671875 0.884765625 0.658203125 0.884765625 0.669921875 0.890625 0.69140625 0.890625 0.701171875 0.890625 0.693359375 0.88671875 0.69140625 0.880859375 0.6953125 0.880859375 0.701171875 0.87890625 0.703125 0.873046875 0.701171875 0.86328125 0.708984375 0.861328125 0.70703125 0.86328125 0.68359375 0.865234375 0.681640625 0.8671875 0.662109375 0.87109375 0.65234375 0.87109375 0.640625 0.875 0.630859375 0.875 0.619140625
2 0.228515625 0.681640625 0.234375 0.6953125 0.232421875 0.70703125 0.228515625 0.708984375 0.224609375 0.69921875 0.2265625 0.685546875 0.228515625 0.68359375
2 0.490234375 0.638671875 0.494140625 0.650390625 0.498046875 0.677734375 0.5 0.6796875 0.5 0.69140625 0.501953125 0.693359375 0.5 0.701171875 0.494140625 0.705078125 0.48046875 0.703125 0.478515625 0.69921875 0.48046875 0.681640625 0.484375 0.671875 0.484375 0.662109375 0.48828125 0.654296875 0.48828125 0.642578125 0.490234375 0.640625
2 0.935546875 0.681640625 0.9375 0.681640625 0.939453125 0.6875 0.939453125 0.69921875 0.94140625 0.701171875 0.94140625 0.708984375 0.939453125 0.7109375 0.931640625 0.70703125 0.935546875 0.68359375
2 0.912109375 0.650390625 0.91796875 0.66796875 0.91796875 0.673828125 0.921875 0.6796875 0.921875 0.6875 0.92578125 0.6953125 0.92578125 0.703125 0.927734375 0.705078125 0.92578125 0.71875 0.916015625 0.71875 0.912109375 0.71484375 0.912109375 0.708984375 0.90625 0.703125 0.900390625 0.703125 0.8984375 0.69921875 0.900390625 0.685546875 0.904296875 0.677734375 0.904296875 0.669921875 0.908203125 0.6640625 0.91015625 0.65234375
2 0.271484375 0.703125 0.2734375 0.689453125 0.27734375 0.68359375 0.279296875 0.68359375 0.283203125 0.6953125 0.283203125 0.70703125 0.279296875 0.70703125 0.2734375 0.703125
2 0.244140625 0.685546875 0.24609375 0.6875 0.24609375 0.705078125 0.2421875 0.703125 0.2421875 0.689453125 0.244140625 0.6875
2 0.76171875 0.6484375 0.765625 0.658203125 0.765625 0.666015625 0.76953125 0.673828125 0.76953125 0.693359375 0.76171875 0.703125 0.75 0.69921875 0.751953125 0.6796875 0.76171875 0.650390625
2 0.529296875 0.703125 0.529296875 0.6953125 0.53125 0.693359375 0.533203125 0.693359375 0.53515625 0.69921875 0.53515625 0.703125 0.533203125 0.705078125 0.53125 0.703125
2 0.810546875 0.671875 0.814453125 0.673828125 0.814453125 0.68359375 0.818359375 0.6953125 0.81640625 0.703125 0.810546875 0.705078125 0.806640625 0.703125 0.806640625 0.689453125 0.80859375 0.6875 0.810546875 0.673828125
2 0.513671875 0.685546875 0.517578125 0.689453125 0.517578125 0.693359375 0.509765625 0.701171875 0.509765625 0.693359375 0.513671875 0.6875
2 0.734375 0.669921875 0.736328125 0.669921875 0.73828125 0.67578125 0.740234375 0.693359375 0.7421875 0.6953125 0.7421875 0.703125 0.73828125 0.703125 0.734375 0.697265625 0.734375 0.689453125 0.732421875 0.6875 0.734375 0.671875
0 0.095703125 0.6455078125 0.0478515625 0.0546875
0 0.0458984375 0.6767578125 0.0322265625 0.0517578125
0 0.6259765625 0.4541015625 0.068359375 0.068359375
0 0.837890625 0.3623046875 0.0615234375 0.07421875
0 0.121125095703125 0.68114326171875 0.3276339765625 0.679521986328125 0.330942857421875 0.721782978515625 0.3902926640625 0.723263830078125 0.3902926640625 0.6114808515625 0.120242470703125 0.617960283203125 0.121125095703125 0.68114326171875