0 0.1447058828125 0.628571427734375 0.1447058828125 0.7122448984375 0.1952941171875 0.7122448984375 0.196470587890625 0.626530611328125 0.1447058828125 0.628571427734375
0 0.361176470703125 0.536734693359375 0.361176470703125 0.61836734765625 0.408235294921875 0.62244898046875 0.410588234375 0.534693876953125 0.361176470703125 0.536734693359375
0 0.3752941171875 0.7122448984375 0.3847058828125 0.70612244921875 0.409411765625 0.7122448984375 0.41294117578125 0.69795918359375 0.411764705078125 0.534693876953125 0.36 0.536734693359375 0.358823529296875 0.6795918359375 0.36235294140625 0.7122448984375 0.370588234375 0.70612244921875 0.3752941171875 0.7122448984375
0 0.6005859375 0.5771484375 0.052734375 0.2783203125
2 0.045882353515625 0.68571428515625 0.04 0.71428571484375 0.088235294921875 0.7122448984375 0.063529412109375 0.630612244140625 0.045882353515625 0.68571428515625
2 0.101176470703125 0.68163265234375 0.0952941171875 0.7122448984375 0.14 0.7122448984375 0.116470587890625 0.630612244140625 0.101176470703125 0.68163265234375
2 0.250588234375 0.636734693359375 0.24 0.673469388671875 0.238823529296875 0.6877551015625 0.250588234375 0.7040816328125 0.26235294140625 0.69795918359375 0.250588234375 0.636734693359375
2 0.309411765625 0.653061224609375 0.303529412109375 0.671428572265625 0.298823529296875 0.69795918359375 0.314117646484375 0.69795918359375 0.3152941171875 0.67755101953125 0.309411765625 0.653061224609375
2 0.4247058828125 0.671428572265625 0.4247058828125 0.69387755078125 0.44235294140625 0.69387755078125 0.431764705078125 0.638775509765625 0.4247058828125 0.671428572265625
2 0.456470587890625 0.6877551015625 0.4552941171875 0.69795918359375 0.468235294921875 0.69795918359375 0.463529412109375 0.68367346875 0.456470587890625 0.6877551015625
2 0.5 0.68571428515625 0.491764705078125 0.657142857421875 0.488235294921875 0.659183673828125 0.483529412109375 0.68571428515625 0.48705882421875 0.69387755078125 0.498823529296875 0.6959183671875 0.5 0.68571428515625
2 0.523529412109375 0.61020408203125 0.52 0.6122448984375 0.509411765625 0.6877551015625 0.52235294140625 0.70204081640625 0.536470587890625 0.68571428515625 0.523529412109375 0.61020408203125
2 0.549411765625 0.651020408203125 0.54235294140625 0.673469388671875 0.54235294140625 0.6877551015625 0.549411765625 0.69795918359375 0.55764705859375 0.6959183671875 0.549411765625 0.651020408203125
1 0.37294117578125 0.528571427734375 0.391764705078125 0.491836734375 0.3952941171875 0.473469388671875 0.3552941171875 0.42244898046875 0.32705882421875 0.4877551015625 0.330588234375 0.5040816328125 0.354117646484375 0.532653060546875 0.363529412109375 0.532653060546875 0.37294117578125 0.528571427734375