1 0.3352941171875 0.628571427734375 0.3352941171875 0.7122448984375 0.385882353515625 0.7122448984375 0.385882353515625 0.628571427734375 0.3352941171875 0.628571427734375
2 0.54705882421875 0.667346939453125 0.5352941171875 0.7122448984375 0.583529412109375 0.7122448984375 0.56 0.630612244140625 0.54705882421875 0.667346939453125
2 0.601176470703125 0.667346939453125 0.590588234375 0.7122448984375 0.6352941171875 0.7122448984375 0.614117646484375 0.632653060546875 0.601176470703125 0.667346939453125
2 0.74 0.691836734375 0.74705882421875 0.70204081640625 0.75764705859375 0.6959183671875 0.745882353515625 0.636734693359375 0.736470587890625 0.671428572265625 0.736470587890625 0.69795918359375 0.74 0.691836734375
2 0.810588234375 0.691836734375 0.805882353515625 0.653061224609375 0.79764705859375 0.67755101953125 0.796470587890625 0.7 0.80235294140625 0.70204081640625 0.810588234375 0.691836734375
2 0.830588234375 0.6959183671875 0.82235294140625 0.67755101953125 0.821176470703125 0.69387755078125 0.830588234375 0.6959183671875
2 0.936470587890625 0.691836734375 0.928235294921875 0.640816326171875 0.92 0.671428572265625 0.918823529296875 0.68979591796875 0.9247058828125 0.69795918359375 0.936470587890625 0.691836734375
2 0.983529412109375 0.661224490234375 0.97294117578125 0.7 0.998823529296875 0.69795918359375 0.98705882421875 0.657142857421875 0.983529412109375 0.661224490234375
2 0.96705882421875 0.69795918359375 0.96 0.68367346875 0.950588234375 0.68979591796875 0.95294117578125 0.7 0.963529412109375 0.7040816328125 0.96705882421875 0.69795918359375
0 0.641176470703125 0.626530611328125 0.64235294140625 0.7122448984375 0.691764705078125 0.7122448984375 0.691764705078125 0.626530611328125 0.641176470703125 0.626530611328125
0 0.8818359375 0.62109375 0.0595703125 0.1875