0 0.38705882421875 0.853469388671875 0.44164705859375 0.858142857421875 0.443529412109375 0.47797346875 0.119764705078125 0.481236734375 0.119764705078125 0.853246939453125 0.17435294140625 0.851616326171875 0.1752941171875 0.531816326171875 0.385176470703125 0.528553060546875 0.38705882421875 0.853469388671875
0 0.576171875 0.5966796875 0.1572265625 0.037109375
0 0.7373046875 0.6953125 0.05859375 0.0458984375
2 0.36328125 0.78515625 0.365234375 0.78515625 0.365234375 0.791015625 0.369140625 0.794921875 0.369140625 0.80078125 0.376953125 0.826171875 0.376953125 0.8359375 0.373046875 0.83203125 0.365234375 0.833984375 0.359375 0.826171875 0.35546875 0.8359375 0.3515625 0.83203125 0.35546875 0.818359375 0.35546875 0.80859375 0.359375 0.802734375 0.359375 0.796875 0.36328125 0.787109375
2 0.26171875 0.802734375 0.265625 0.806640625 0.265625 0.82421875 0.26171875 0.83203125 0.2578125 0.83203125 0.2578125 0.81640625 0.26171875 0.810546875 0.26171875 0.8046875
2 0.119140625 0.794921875 0.12109375 0.794921875 0.12109375 0.837890625 0.1171875 0.841796875 0.111328125 0.83203125 0.11328125 0.8125 0.1171875 0.806640625 0.1171875 0.798828125 0.119140625 0.796875
2 0.23828125 0.736328125 0.2421875 0.759765625 0.244140625 0.76171875 0.244140625 0.7734375 0.248046875 0.78125 0.25 0.8046875 0.25390625 0.8125 0.25390625 0.818359375 0.25 0.826171875 0.24609375 0.822265625 0.24609375 0.814453125 0.2421875 0.8125 0.23828125 0.81640625 0.236328125 0.83203125 0.228515625 0.833984375 0.22265625 0.828125 0.22265625 0.80859375 0.2265625 0.802734375 0.2265625 0.7890625 0.228515625 0.787109375 0.228515625 0.779296875 0.234375 0.7578125 0.234375 0.748046875 0.23828125 0.73828125
2 0.046875 0.82421875 0.052734375 0.8359375 0.052734375 0.841796875 0.05078125 0.84375 0.044921875 0.84375 0.04296875 0.841796875 0.04296875 0.833984375 0.046875 0.826171875
2 0.76171875 0.78515625 0.76171875 0.791015625 0.771484375 0.814453125 0.7734375 0.833984375 0.76171875 0.837890625 0.748046875 0.83203125 0.751953125 0.80859375 0.755859375 0.802734375 0.755859375 0.796875 0.759765625 0.787109375
2 0.2890625 0.787109375 0.294921875 0.796875 0.296875 0.80859375 0.30078125 0.8125 0.30078125 0.818359375 0.3046875 0.822265625 0.3046875 0.83203125 0.296875 0.833984375 0.29296875 0.830078125 0.2890625 0.833984375 0.28125 0.8359375 0.275390625 0.830078125 0.275390625 0.81640625 0.279296875 0.8125 0.287109375 0.7890625
2 0.328125 0.75390625 0.330078125 0.7578125 0.330078125 0.76953125 0.333984375 0.77734375 0.3359375 0.798828125 0.33984375 0.806640625 0.33984375 0.818359375 0.341796875 0.8203125 0.341796875 0.833984375 0.3359375 0.837890625 0.330078125 0.833984375 0.318359375 0.8359375 0.31640625 0.83203125 0.31640625 0.814453125 0.318359375 0.8125 0.3203125 0.791015625 0.32421875 0.78125 0.32421875 0.767578125 0.328125 0.755859375
2 0.2109375 0.78515625 0.212890625 0.78515625 0.220703125 0.80859375 0.220703125 0.830078125 0.216796875 0.830078125 0.216796875 0.826171875 0.212890625 0.82421875 0.208984375 0.83203125 0.203125 0.833984375 0.19921875 0.828125 0.203125 0.8203125 0.205078125 0.802734375 0.208984375 0.796875 0.2109375 0.787109375
2 0.724609375 0.75390625 0.7265625 0.767578125 0.73046875 0.77734375 0.73046875 0.78515625 0.732421875 0.787109375 0.732421875 0.798828125 0.736328125 0.80859375 0.736328125 0.8203125 0.73828125 0.822265625 0.73828125 0.828125 0.734375 0.822265625 0.73046875 0.830078125 0.7265625 0.83203125 0.724609375 0.830078125 0.720703125 0.833984375 0.7109375 0.8359375 0.7109375 0.822265625 0.716796875 0.80078125 0.716796875 0.7890625 0.720703125 0.783203125 0.720703125 0.76953125 0.724609375 0.755859375
2 0.068359375 0.78125 0.0703125 0.78125 0.0703125 0.7890625 0.078125 0.814453125 0.078125 0.83203125 0.072265625 0.8359375 0.0703125 0.845703125 0.06640625 0.849609375 0.056640625 0.849609375 0.0546875 0.84765625 0.056640625 0.830078125 0.060546875 0.822265625 0.060546875 0.814453125 0.0625 0.8125 0.0625 0.8046875 0.068359375 0.783203125
2 0.58203125 0.802734375 0.583984375 0.814453125 0.587890625 0.822265625 0.587890625 0.83203125 0.578125 0.833984375 0.576171875 0.828125 0.580078125 0.8046875
2 0.634765625 0.736328125 0.638671875 0.75 0.638671875 0.759765625 0.640625 0.76171875 0.640625 0.7734375 0.64453125 0.779296875 0.64453125 0.791015625 0.646484375 0.79296875 0.646484375 0.802734375 0.650390625 0.814453125 0.650390625 0.83203125 0.646484375 0.833984375 0.640625 0.83203125 0.634765625 0.833984375 0.626953125 0.822265625 0.623046875 0.82421875 0.623046875 0.83203125 0.62109375 0.833984375 0.619140625 0.83203125 0.619140625 0.810546875 0.623046875 0.802734375 0.623046875 0.791015625 0.62890625 0.7734375 0.630859375 0.748046875 0.634765625 0.7421875 0.634765625 0.73828125
2 0.609375 0.78515625 0.61328125 0.80078125 0.6171875 0.806640625 0.615234375 0.83203125 0.60546875 0.837890625 0.59765625 0.837890625 0.595703125 0.8359375 0.59765625 0.81640625 0.6015625 0.810546875 0.6015625 0.8046875 0.60546875 0.798828125 0.607421875 0.787109375
2 0.68359375 0.787109375 0.6875 0.7890625 0.6875 0.79296875 0.69140625 0.796875 0.693359375 0.80859375 0.697265625 0.8125 0.697265625 0.818359375 0.701171875 0.822265625 0.701171875 0.828125 0.703125 0.830078125 0.703125 0.833984375 0.69921875 0.8359375 0.689453125 0.833984375 0.68359375 0.828125 0.681640625 0.822265625 0.677734375 0.826171875 0.67578125 0.833984375 0.671875 0.83203125 0.671875 0.8203125 0.677734375 0.802734375 0.681640625 0.798828125 0.68359375 0.7890625
2 0.658203125 0.802734375 0.662109375 0.806640625 0.662109375 0.818359375 0.6640625 0.8203125 0.6640625 0.8359375 0.658203125 0.837890625 0.65234375 0.8359375 0.654296875 0.8203125 0.658203125 0.8125 0.658203125 0.8046875
2 0.410588234375 0.40612244921875 0.390588234375 0.47755101953125 0.43764705859375 0.47755101953125 0.41764705859375 0.4 0.410588234375 0.40612244921875
1 0.39294117578125 0.224489796875 0.345882353515625 0.19387755078125 0.329411765625 0.261224490234375 0.329411765625 0.27755101953125 0.376470587890625 0.30612244921875 0.39294117578125 0.224489796875