0 0.1328125 0.3525390625 0.0556640625 0.185546875
0 0.1298828125 0.6240234375 0.0556640625 0.1904296875
0 0.15835294140625 0.672136734375 0.74 0.67376734765625 0.74235294140625 0.728979591796875 0.800235294921875 0.725979591796875 0.801176470703125 0.619924490234375 0.156470587890625 0.631346939453125 0.15835294140625 0.672136734375
2 0.609411765625 0.548979591796875 0.590588234375 0.62244898046875 0.636470587890625 0.62244898046875 0.6152941171875 0.542857142578125 0.609411765625 0.548979591796875
1 0.3623046875 0.5771484375 0.0546875 0.099609375
2 0.48046875 0.6796875 0.48046875 0.68359375 0.484375 0.689453125 0.484375 0.69921875 0.48046875 0.705078125 0.474609375 0.703125 0.478515625 0.681640625
2 0.287109375 0.681640625 0.2890625 0.681640625 0.291015625 0.69140625 0.28515625 0.701171875 0.28125 0.69921875 0.287109375 0.68359375
2 0.85546875 0.689453125 0.859375 0.697265625 0.857421875 0.7109375 0.85546875 0.712890625 0.85546875 0.70703125 0.853515625 0.705078125 0.853515625 0.69140625
2 0.904296875 0.689453125 0.908203125 0.693359375 0.91015625 0.703125 0.9140625 0.708984375 0.9140625 0.71484375 0.908203125 0.71484375 0.900390625 0.70703125 0.900390625 0.69921875 0.904296875 0.69140625
2 0.341796875 0.67578125 0.345703125 0.677734375 0.345703125 0.693359375 0.341796875 0.69921875 0.337890625 0.697265625 0.341796875 0.677734375
2 0.267578125 0.66796875 0.271484375 0.671875 0.271484375 0.677734375 0.2734375 0.6796875 0.2734375 0.6953125 0.265625 0.69921875 0.26171875 0.697265625 0.251953125 0.69921875 0.25 0.697265625 0.251953125 0.6953125 0.251953125 0.685546875 0.255859375 0.677734375 0.255859375 0.671875 0.259765625 0.66796875 0.265625 0.66796875
2 0.3203125 0.66796875 0.326171875 0.669921875 0.328125 0.68359375 0.330078125 0.685546875 0.328125 0.697265625 0.32421875 0.69921875 0.318359375 0.69921875 0.31640625 0.697265625 0.314453125 0.689453125 0.318359375 0.68359375 0.318359375 0.671875 0.3203125 0.669921875
2 0.529296875 0.6796875 0.53125 0.681640625 0.53125 0.6875 0.53515625 0.69140625 0.537109375 0.703125 0.533203125 0.70703125 0.525390625 0.69921875 0.52734375 0.681640625
2 0.302734375 0.701171875 0.302734375 0.693359375 0.3046875 0.69140625 0.310546875 0.6953125 0.310546875 0.69921875 0.3046875 0.701171875