2 0.17297297265625 0.4397163125 0.17065637109375 0.4397163125 0.160617759765625 0.476595744140625 0.14980694921875 0.5248226953125 0.195366794921875 0.5248226953125 0.17297297265625 0.4397163125
2 0.3104247109375 0.70212766015625 0.30888030859375 0.719148935546875 0.352895751953125 0.719148935546875 0.331274130859375 0.63262411328125 0.3104247109375 0.70212766015625
2 0.36525096484375 0.313475177734375 0.383011583984375 0.3744680859375 0.40386100390625 0.303546099609375 0.40540540625 0.29219858203125 0.4023166015625 0.290780142578125 0.362162162109375 0.290780142578125 0.36525096484375 0.313475177734375
2 0.49111969140625 0.44255319140625 0.4872586875 0.441134751953125 0.466409265625 0.51773049609375 0.466409265625 0.52765957421875 0.511196912109375 0.5248226953125 0.49111969140625 0.44255319140625
2 0.92972973046875 0.011347517578125 0.927413126953125 0.00709219921875 0.89343629296875 0.008510638671875 0.895752896484375 0.02695035546875 0.911196912109375 0.076595744140625 0.92972973046875 0.011347517578125
2 0.498069498046875 0.628368794921875 0.4872586875 0.631205673828125 0.478764478515625 0.6751773046875 0.47799227734375 0.693617021484375 0.480308880859375 0.69787233984375 0.490347490234375 0.6950354609375 0.49343629296875 0.70212766015625 0.502702703125 0.703546099609375 0.5104247109375 0.699290779296875 0.509652509765625 0.68226950390625 0.498069498046875 0.628368794921875
2 0.455598455078125 0.699290779296875 0.4617760625 0.70780141796875 0.47567567578125 0.69787233984375 0.477220078125 0.680851064453125 0.4694980703125 0.65248226953125 0.466409265625 0.651063830078125 0.45791505859375 0.68226950390625 0.455598455078125 0.699290779296875
2 0.447876447265625 0.69219858203125 0.44247104296875 0.670921986328125 0.436293435546875 0.693617021484375 0.435521236328125 0.700709220703125 0.439382240234375 0.703546099609375 0.447876447265625 0.69219858203125
2 0.525096525390625 0.70212766015625 0.51891891796875 0.670921986328125 0.515830115234375 0.676595744140625 0.511969111328125 0.69787233984375 0.515057916015625 0.709219857421875 0.525096525390625 0.70212766015625
2 0.54517374609375 0.653900708984375 0.5413127421875 0.656737587890625 0.5305019296875 0.68794326171875 0.53204633203125 0.703546099609375 0.5613899609375 0.70212766015625 0.54517374609375 0.653900708984375
2 0.567567568359375 0.7049645390625 0.584555984375 0.703546099609375 0.59382239453125 0.689361701171875 0.584555984375 0.62269503515625 0.58069498046875 0.621276595703125 0.56525096484375 0.699290779296875 0.567567568359375 0.7049645390625
2 0.631660232421875 0.699290779296875 0.61930501953125 0.651063830078125 0.60540540625 0.69219858203125 0.604633205078125 0.70212766015625 0.620077220703125 0.709219857421875 0.631660232421875 0.699290779296875
2 0.71660231640625 0.700709220703125 0.7305019296875 0.7049645390625 0.7359073359375 0.69787233984375 0.723552123046875 0.638297873046875 0.715057916015625 0.679432625 0.713513513671875 0.690780142578125 0.71660231640625 0.700709220703125
2 0.79073358984375 0.69787233984375 0.783011583984375 0.656737587890625 0.775289576171875 0.683687943359375 0.775289576171875 0.70212766015625 0.78610038671875 0.7049645390625 0.79073358984375 0.69787233984375
2 0.8 0.680851064453125 0.8 0.7049645390625 0.80540540625 0.69219858203125 0.80386100390625 0.680851064453125 0.8 0.680851064453125
2 0.645559845703125 0.6950354609375 0.644015443359375 0.68226950390625 0.640154439453125 0.693617021484375 0.640154439453125 0.7049645390625 0.643243244140625 0.703546099609375 0.645559845703125 0.6950354609375
2 0.752123552734375 0.699290779296875 0.74749034765625 0.689361701171875 0.746718146484375 0.699290779296875 0.752123552734375 0.699290779296875
1 0.38610038671875 0.5248226953125 0.39073358984375 0.5049645390625 0.395366794921875 0.4354609921875 0.3459459453125 0.41985815625 0.340540541015625 0.469503546875 0.3382239375 0.51205673828125 0.38610038671875 0.5248226953125
0 0.595703125 0.3623046875 0.068359375 0.0546875
0 0.7275390625 0.4599609375 0.119140625 0.0693359375
0 0.912109375 0.259765625 0.05078125 0.052734375
0 0.9638671875 0.2646484375 0.0234375 0.033203125
0 0.384765625 0.2373046875 0.0673828125 0.1220703125
0 0.1708984375 0.578125 0.0693359375 0.12890625
0 0.344401544921875 0.737843970703125 0.417650193359375 0.74270496484375 0.4211806953125 0.6422609921875 0.521786873046875 0.645502126953125 0.521786873046875 0.5239971640625 0.351461775390625 0.5223773046875 0.344401544921875 0.737843970703125