1 0.394117646484375 0.226530611328125 0.348235294921875 0.1877551015625 0.328235294921875 0.257142857421875 0.328235294921875 0.269387755859375 0.37294117578125 0.30612244921875 0.394117646484375 0.226530611328125
0 0.0546875 0.6796875 0.060546875 0.1806640625
0 0.2685546875 0.6318359375 0.0693359375 0.2861328125
2 0.8125 0.685546875 0.81640625 0.6875 0.818359375 0.703125 0.822265625 0.70703125 0.82421875 0.72265625 0.828125 0.73046875 0.828125 0.740234375 0.8359375 0.759765625 0.8359375 0.767578125 0.791015625 0.767578125 0.7890625 0.765625 0.791015625 0.763671875 0.79296875 0.75 0.796875 0.74609375 0.80078125 0.72265625 0.806640625 0.7109375 0.8125 0.6875
2 0.8671875 0.685546875 0.876953125 0.712890625 0.876953125 0.71875 0.880859375 0.724609375 0.8828125 0.744140625 0.88671875 0.75 0.890625 0.767578125 0.845703125 0.767578125 0.84375 0.765625 0.849609375 0.748046875 0.849609375 0.7421875 0.853515625 0.736328125 0.85546875 0.716796875 0.859375 0.712890625 0.865234375 0.6875
2 0.427734375 0.685546875 0.431640625 0.693359375 0.43359375 0.70703125 0.4375 0.712890625 0.439453125 0.73046875 0.443359375 0.736328125 0.4453125 0.748046875 0.44921875 0.751953125 0.451171875 0.765625 0.44921875 0.767578125 0.40625 0.767578125 0.404296875 0.765625 0.42578125 0.6875
2 0.3203125 0.685546875 0.32421875 0.69921875 0.328125 0.705078125 0.3359375 0.7421875 0.33984375 0.748046875 0.341796875 0.765625 0.33984375 0.767578125 0.298828125 0.767578125 0.298828125 0.7578125 0.306640625 0.740234375 0.30859375 0.724609375 0.314453125 0.70703125 0.314453125 0.69921875 0.318359375 0.693359375 0.318359375 0.6875
2 0.373046875 0.685546875 0.376953125 0.69140625 0.376953125 0.69921875 0.380859375 0.705078125 0.3828125 0.71875 0.38671875 0.724609375 0.38671875 0.732421875 0.396484375 0.76171875 0.39453125 0.767578125 0.353515625 0.767578125 0.3515625 0.765625 0.35546875 0.744140625 0.359375 0.73828125 0.361328125 0.724609375 0.3671875 0.712890625 0.373046875 0.6875
2 0.143529412109375 0.744897958984375 0.129411765625 0.68979591796875 0.12235294140625 0.7204081640625 0.11764705859375 0.751020408203125 0.138823529296875 0.753061224609375 0.143529412109375 0.744897958984375
2 0.196470587890625 0.732653060546875 0.189411765625 0.70612244921875 0.183529412109375 0.728571427734375 0.18 0.748979591796875 0.194117646484375 0.751020408203125 0.196470587890625 0.732653060546875
2 0.214117646484375 0.748979591796875 0.208235294921875 0.730612244140625 0.20705882421875 0.746938775390625 0.214117646484375 0.748979591796875
2 0.150588234375 0.744897958984375 0.150588234375 0.753061224609375 0.154117646484375 0.751020408203125 0.156470587890625 0.738775509765625 0.150588234375 0.744897958984375
2 0.176470587890625 0.751020408203125 0.171764705078125 0.744897958984375 0.169411765625 0.755102041015625 0.176470587890625 0.751020408203125