2 0.33984375 0.9765625 0.34375 0.990234375 0.34375 0.998046875 0.3359375 0.998046875 0.337890625 0.994140625 0.337890625 0.98046875 0.33984375 0.978515625
2 0.2841796875 0.99609375 0.005859375 0.0068359375
2 0.62109375 0.943359375 0.62890625 0.998046875 0.611328125 0.998046875 0.615234375 0.984375 0.615234375 0.970703125 0.619140625 0.9609375 0.619140625 0.947265625 0.62109375 0.9453125
2 0.080078125 0.953125 0.08203125 0.955078125 0.08203125 0.96484375 0.083984375 0.966796875 0.0859375 0.986328125 0.087890625 0.98828125 0.087890625 0.998046875 0.072265625 0.998046875 0.080078125 0.955078125
2 0.59375 0.98828125 0.595703125 0.990234375 0.595703125 0.998046875 0.59375 0.998046875 0.59375 0.990234375
2 0.708984375 0.9765625 0.712890625 0.990234375 0.712890625 0.998046875 0.705078125 0.998046875 0.70703125 0.99609375 0.708984375 0.978515625
2 0.169921875 0.93359375 0.169921875 0.939453125 0.173828125 0.94921875 0.173828125 0.9609375 0.177734375 0.97265625 0.177734375 0.984375 0.181640625 0.9921875 0.181640625 0.998046875 0.158203125 0.998046875 0.169921875 0.935546875
2 0.6533203125 0.99609375 0.005859375 0.0087890625
2 0.119140625 0.986328125 0.12109375 0.986328125 0.12109375 0.994140625 0.123046875 0.99609375 0.123046875 0.998046875 0.115234375 0.998046875 0.119140625 0.98828125
2 0.169921875 0.93359375 0.169921875 0.939453125 0.173828125 0.94921875 0.173828125 0.9609375 0.177734375 0.97265625 0.177734375 0.984375 0.181640625 0.994140625 0.181640625 0.998046875 0.158203125 0.998046875 0.162109375 0.984375 0.162109375 0.97265625 0.166015625 0.962890625 0.16796875 0.9375 0.169921875 0.935546875
2 0.2841796875 0.99609375 0.005859375 0.0068359375
2 0.25 0.943359375 0.251953125 0.943359375 0.251953125 0.95703125 0.255859375 0.966796875 0.255859375 0.978515625 0.259765625 0.990234375 0.259765625 0.998046875 0.2421875 0.998046875 0.24609375 0.984375 0.25 0.9453125
2 0.6533203125 0.99609375 0.005859375 0.0087890625
2 0.4375 0.576171875 0.44140625 0.58203125 0.443359375 0.595703125 0.451171875 0.6171875 0.451171875 0.625 0.455078125 0.6328125 0.455078125 0.640625 0.458984375 0.646484375 0.458984375 0.65234375 0.462890625 0.66015625 0.462890625 0.666015625 0.4609375 0.66796875 0.439453125 0.66796875 0.4375 0.666015625 0.435546875 0.66796875 0.4296875 0.666015625 0.416015625 0.66796875 0.416015625 0.65625 0.419921875 0.650390625 0.423828125 0.623046875 0.431640625 0.60546875 0.4375 0.578125
2 0.224609375 0.990234375 0.2265625 0.990234375 0.2265625 0.998046875 0.224609375 0.998046875 0.224609375 0.9921875
2 0.044921875 0.984375 0.048828125 0.990234375 0.048828125 0.998046875 0.04296875 0.998046875 0.04296875 0.98828125 0.044921875 0.986328125
2 0.1953125 0.984375 0.19921875 0.99609375 0.19921875 0.998046875 0.19140625 0.998046875 0.1953125 0.986328125
1 0.6386100390625 0.394326240234375 0.6332046328125 0.395744681640625 0.59845559765625 0.451063830078125 0.61930501953125 0.503546099609375 0.63088803125 0.523404255859375 0.667181466796875 0.469503546875 0.66795366796875 0.45957446875 0.6386100390625 0.394326240234375
0 0.5185546875 0.6953125 0.220703125 0.0654296875
0 0.228515625 0.7880859375 0.2744140625 0.0556640625
0 0.0703125 0.7900390625 0.0400390625 0.0390625
0 0.8076171875 0.72265625 0.1689453125 0.1181640625
0 0.9150390625 0.7197265625 0.048828125 0.078125