0 0.37764705859375 0.846938775390625 0.38235294140625 0.81836734765625 0.401176470703125 0.7959183671875 0.436470587890625 0.7959183671875 0.458823529296875 0.846938775390625 0.4752941171875 0.834693876953125 0.468235294921875 0.830612244140625 0.463529412109375 0.81428571484375 0.463529412109375 0.80204081640625 0.469411765625 0.7959183671875 0.471764705078125 0.744897958984375 0.471764705078125 0.6959183671875 0.465882353515625 0.671428572265625 0.351764705078125 0.6795918359375 0.23764705859375 0.671428572265625 0.094117646484375 0.675510203125 0.091764705078125 0.836734693359375 0.098823529296875 0.853061224609375 0.370588234375 0.851020408203125 0.37764705859375 0.846938775390625
0 0.68235294140625 0.838775509765625 0.685882353515625 0.830612244140625 0.6847058828125 0.58367346875 0.68 0.57755101953125 0.63294117578125 0.5795918359375 0.631764705078125 0.830612244140625 0.634117646484375 0.836734693359375 0.65764705859375 0.830612244140625 0.68235294140625 0.838775509765625
0 0.896470587890625 0.832653060546875 0.898823529296875 0.8122448984375 0.898823529296875 0.4959183671875 0.896470587890625 0.48571428515625 0.845882353515625 0.4877551015625 0.845882353515625 0.830612244140625 0.854117646484375 0.840816326171875 0.890588234375 0.838775509765625 0.896470587890625 0.832653060546875
1 0.336470587890625 0.5795918359375 0.3352941171875 0.669387755859375 0.385882353515625 0.669387755859375 0.38705882421875 0.58367346875 0.336470587890625 0.5795918359375
0 0.041176470703125 0.78367346875 0.041176470703125 0.851020408203125 0.09294117578125 0.851020408203125 0.091764705078125 0.7795918359375 0.041176470703125 0.78367346875
2 0.52235294140625 0.775510203125 0.514117646484375 0.8040816328125 0.511764705078125 0.836734693359375 0.52705882421875 0.840816326171875 0.530588234375 0.832653060546875 0.52235294140625 0.775510203125
2 0.581176470703125 0.791836734375 0.5752941171875 0.8122448984375 0.57294117578125 0.828571427734375 0.58705882421875 0.836734693359375 0.589411765625 0.824489796875 0.581176470703125 0.791836734375
2 0.723529412109375 0.775510203125 0.71294117578125 0.8122448984375 0.711764705078125 0.82244898046875 0.721176470703125 0.838775509765625 0.734117646484375 0.834693876953125 0.723529412109375 0.775510203125
2 0.78235294140625 0.791836734375 0.778823529296875 0.7959183671875 0.771764705078125 0.824489796875 0.7752941171875 0.838775509765625 0.789411765625 0.834693876953125 0.78235294140625 0.791836734375
2 0.798823529296875 0.81836734765625 0.796470587890625 0.838775509765625 0.805882353515625 0.836734693359375 0.80235294140625 0.81632653125 0.798823529296875 0.81836734765625
2 0.74235294140625 0.828571427734375 0.74235294140625 0.838775509765625 0.749411765625 0.832653060546875 0.74705882421875 0.82244898046875 0.74235294140625 0.828571427734375