1 0.640926640625 0.449645390625 0.640926640625 0.53191489453125 0.688803087890625 0.490780142578125 0.647104248046875 0.449645390625 0.640926640625 0.449645390625
1 0.647876447265625 0.548936169921875 0.640926640625 0.548936169921875 0.640926640625 0.628368794921875 0.66023166015625 0.6156028359375 0.6872586875 0.58723404296875 0.647876447265625 0.548936169921875
1 0.668725869140625 0.663829787109375 0.640154439453125 0.643971630859375 0.640154439453125 0.719148935546875 0.643243244140625 0.7248226953125 0.6872586875 0.6851063828125 0.668725869140625 0.663829787109375
1 0.91660231640625 0.29219858203125 0.915057916015625 0.29787233984375 0.963706564453125 0.34042553125 0.96525096484375 0.251063830078125 0.91660231640625 0.29219858203125
1 0.964478763671875 0.351773048828125 0.959845560546875 0.350354609375 0.94517374609375 0.36312056640625 0.915830115234375 0.390070921875 0.915830115234375 0.394326240234375 0.96293436328125 0.438297873046875 0.964478763671875 0.351773048828125
1 0.964478763671875 0.53191489453125 0.963706564453125 0.4453900703125 0.91814671875 0.4851063828125 0.915830115234375 0.490780142578125 0.925096525390625 0.500709220703125 0.958301158203125 0.53191489453125 0.964478763671875 0.53191489453125
1 0.556756755859375 0.6950354609375 0.5413127421875 0.726241134765625 0.57837837890625 0.726241134765625 0.5613899609375 0.6950354609375 0.556756755859375 0.6950354609375
1 0.5050193046875 0.6950354609375 0.494208494140625 0.71205673828125 0.4872586875 0.726241134765625 0.525096525390625 0.726241134765625 0.50888030859375 0.696453900390625 0.5050193046875 0.6950354609375
1 0.4386100390625 0.716312056640625 0.433976833984375 0.726241134765625 0.471814671875 0.726241134765625 0.45482625390625 0.6950354609375 0.4386100390625 0.716312056640625
1 0.400772201171875 0.69787233984375 0.389961390625 0.713475177734375 0.38610038671875 0.72198581640625 0.389961390625 0.72765957421875 0.416988416015625 0.726241134765625 0.400772201171875 0.69787233984375
1 0.33745173828125 0.71205673828125 0.332818533203125 0.726241134765625 0.363706564453125 0.726241134765625 0.34903475 0.699290779296875 0.33745173828125 0.71205673828125
1 0.276447876953125 0.723404255859375 0.277220078125 0.72765957421875 0.3127413125 0.726241134765625 0.296525095703125 0.693617021484375 0.276447876953125 0.723404255859375
1 0.2231660234375 0.723404255859375 0.2231660234375 0.72765957421875 0.2617760625 0.726241134765625 0.244015443359375 0.6950354609375 0.2231660234375 0.723404255859375
1 0.169884169921875 0.72198581640625 0.167567568359375 0.72765957421875 0.210038609375 0.726241134765625 0.189189189453125 0.693617021484375 0.169884169921875 0.72198581640625
1 0.1204633203125 0.71773049609375 0.115830115234375 0.729078013671875 0.15752895703125 0.72765957421875 0.1382239375 0.6950354609375 0.1204633203125 0.71773049609375