1 0.630115830078125 0.14751773046875 0.59845559765625 0.218439716796875 0.6332046328125 0.2751773046875 0.637837837890625 0.2751773046875 0.668725869140625 0.21276595703125 0.668725869140625 0.204255318359375 0.630115830078125 0.14751773046875
2 0.439453125 0.673828125 0.443359375 0.685546875 0.443359375 0.697265625 0.447265625 0.705078125 0.447265625 0.71484375 0.44921875 0.716796875 0.447265625 0.724609375 0.443359375 0.7265625 0.4375 0.720703125 0.43359375 0.720703125 0.43359375 0.701171875 0.435546875 0.69921875 0.439453125 0.67578125
2 0.419921875 0.697265625 0.423828125 0.71875 0.42578125 0.720703125 0.423828125 0.72265625 0.419921875 0.716796875 0.416015625 0.72265625 0.4140625 0.720703125 0.419921875 0.69921875
2 0.8671875 0.685546875 0.87109375 0.69921875 0.87109375 0.71875 0.8671875 0.724609375 0.86328125 0.724609375 0.86328125 0.705078125 0.865234375 0.703125 0.865234375 0.69140625 0.8671875 0.6875
2 0.732421875 0.673828125 0.734375 0.693359375 0.73828125 0.701171875 0.73828125 0.71875 0.7265625 0.71875 0.724609375 0.71484375 0.724609375 0.703125 0.73046875 0.68359375 0.73046875 0.67578125
2 0.455078125 0.712890625 0.458984375 0.712890625 0.4609375 0.716796875 0.458984375 0.724609375 0.453125 0.724609375 0.453125 0.716796875 0.455078125 0.71484375
2 0.947265625 0.705078125 0.953125 0.720703125 0.953125 0.728515625 0.951171875 0.73046875 0.943359375 0.73046875 0.94140625 0.72265625 0.943359375 0.720703125 0.9453125 0.70703125
2 0.46875 0.720703125 0.470703125 0.70703125 0.47265625 0.705078125 0.474609375 0.705078125 0.48046875 0.720703125 0.478515625 0.7265625 0.47265625 0.720703125 0.46875 0.72265625
2 0.037109375 0.716796875 0.041015625 0.716796875 0.04296875 0.72265625 0.041015625 0.728515625 0.03515625 0.728515625 0.03515625 0.720703125 0.037109375 0.71875
2 0.787109375 0.6796875 0.791015625 0.681640625 0.791015625 0.689453125 0.794921875 0.697265625 0.796875 0.712890625 0.798828125 0.71484375 0.794921875 0.724609375 0.79296875 0.712890625 0.7890625 0.708984375 0.78515625 0.7109375 0.783203125 0.720703125 0.779296875 0.71875 0.78125 0.701171875 0.78515625 0.693359375 0.787109375 0.681640625
2 0.81640625 0.716796875 0.0126953125 0.0244140625
2 0.419921875 0.697265625 0.423828125 0.7109375 0.423828125 0.71484375 0.416015625 0.71484375 0.419921875 0.69921875
2 0.845703125 0.662109375 0.849609375 0.673828125 0.8515625 0.701171875 0.84765625 0.705078125 0.845703125 0.716796875 0.84375 0.71875 0.8359375 0.71875 0.83984375 0.705078125 0.83984375 0.69140625 0.84375 0.681640625 0.84375 0.66796875 0.845703125 0.6640625
2 0.048828125 0.705078125 0.05078125 0.705078125 0.052734375 0.71875 0.0546875 0.720703125 0.0546875 0.728515625 0.048828125 0.728515625 0.044921875 0.724609375 0.048828125 0.70703125
2 0.498046875 0.658203125 0.5 0.671875 0.501953125 0.673828125 0.501953125 0.68359375 0.505859375 0.69140625 0.505859375 0.69921875 0.509765625 0.7109375 0.509765625 0.72265625 0.505859375 0.720703125 0.5 0.720703125 0.49609375 0.724609375 0.48828125 0.724609375 0.486328125 0.72265625 0.486328125 0.7109375 0.490234375 0.701171875 0.490234375 0.69140625 0.494140625 0.68359375 0.494140625 0.673828125 0.498046875 0.66015625
2 0.7578125 0.62890625 0.759765625 0.646484375 0.763671875 0.658203125 0.763671875 0.67578125 0.767578125 0.6875 0.767578125 0.701171875 0.771484375 0.712890625 0.771484375 0.71875 0.763671875 0.724609375 0.759765625 0.724609375 0.755859375 0.71875 0.75390625 0.720703125 0.75 0.71484375 0.748046875 0.685546875 0.75 0.68359375 0.751953125 0.658203125 0.75390625 0.65625 0.7578125 0.630859375
2 0.7109375 0.7109375 0.71484375 0.716796875 0.712890625 0.724609375 0.708984375 0.7265625 0.70703125 0.720703125 0.7109375 0.712890625
0 0.1826171875 0.6005859375 0.212890625 0.29296875