0 0.1962890625 0.1787109375 0.0615234375 0.1025390625
0 0.087890625 0.2724609375 0.052734375 0.0849609375
0 0.0888671875 0.5439453125 0.0478515625 0.08984375
0 0.1943359375 0.4580078125 0.064453125 0.1123046875
0 0.3583984375 0.3369140625 0.1689453125 0.0595703125
0 0.623046875 0.4267578125 0.068359375 0.0556640625
0 0.837890625 0.5244140625 0.0673828125 0.0546875
2 0.44140625 0.755859375 0.0126953125 0.0185546875
2 0.138671875 0.7109375 0.142578125 0.716796875 0.142578125 0.72265625 0.15234375 0.74609375 0.15234375 0.75390625 0.1484375 0.755859375 0.142578125 0.74609375 0.138671875 0.75 0.138671875 0.7578125 0.1328125 0.755859375 0.126953125 0.759765625 0.12109375 0.7578125 0.123046875 0.74609375 0.12890625 0.736328125 0.12890625 0.73046875 0.13671875 0.712890625
2 0.517578125 0.716796875 0.5234375 0.73046875 0.5234375 0.751953125 0.521484375 0.755859375 0.515625 0.7578125 0.51171875 0.7578125 0.5078125 0.75390625 0.5078125 0.74609375 0.51171875 0.7421875 0.513671875 0.7265625 0.517578125 0.71875
2 0.4609375 0.712890625 0.4609375 0.71875 0.46484375 0.724609375 0.466796875 0.74609375 0.4609375 0.751953125 0.458984375 0.759765625 0.451171875 0.755859375 0.451171875 0.748046875 0.455078125 0.740234375 0.458984375 0.71484375
2 0.09765625 0.677734375 0.1015625 0.685546875 0.103515625 0.705078125 0.109375 0.7265625 0.109375 0.73828125 0.115234375 0.755859375 0.111328125 0.76953125 0.1015625 0.759765625 0.09375 0.759765625 0.08984375 0.755859375 0.083984375 0.7578125 0.083984375 0.75 0.087890625 0.7421875 0.08984375 0.716796875 0.09375 0.7109375 0.09375 0.69921875 0.095703125 0.697265625 0.09765625 0.6796875
2 0.59765625 0.724609375 0.599609375 0.724609375 0.6015625 0.744140625 0.603515625 0.74609375 0.603515625 0.759765625 0.59765625 0.763671875 0.591796875 0.759765625 0.59765625 0.7265625
2 0.2421875 0.7265625 0.2421875 0.734375 0.24609375 0.7421875 0.24609375 0.7578125 0.23828125 0.7578125 0.236328125 0.755859375 0.23828125 0.734375 0.2421875 0.728515625
2 0.958984375 0.748046875 0.9609375 0.765625 0.955078125 0.763671875 0.95703125 0.75
2 0.931640625 0.75 0.93359375 0.75 0.9375 0.759765625 0.9375 0.763671875 0.931640625 0.767578125 0.927734375 0.763671875 0.927734375 0.7578125 0.931640625 0.751953125
2 0.486328125 0.669921875 0.48828125 0.673828125 0.48828125 0.689453125 0.490234375 0.69140625 0.490234375 0.69921875 0.4921875 0.701171875 0.49609375 0.728515625 0.498046875 0.73046875 0.498046875 0.7421875 0.5 0.744140625 0.498046875 0.751953125 0.48828125 0.76171875 0.474609375 0.755859375 0.474609375 0.73046875 0.478515625 0.720703125 0.48046875 0.6953125 0.484375 0.685546875 0.484375 0.671875
2 0.1640625 0.7265625 0.166015625 0.740234375 0.169921875 0.75 0.169921875 0.7578125 0.166015625 0.76171875 0.158203125 0.755859375 0.158203125 0.748046875 0.162109375 0.7421875 0.1640625 0.728515625
2 0.0625 0.7431640625 0.0341796875 0.0693359375
2 0.576171875 0.701171875 0.580078125 0.7109375 0.58203125 0.73828125 0.5859375 0.744140625 0.5859375 0.75390625 0.580078125 0.7578125 0.576171875 0.7578125 0.576171875 0.751953125 0.572265625 0.748046875 0.56640625 0.75390625 0.5703125 0.7421875 0.5703125 0.7265625 0.572265625 0.724609375 0.572265625 0.71484375 0.576171875 0.703125
2 0.705078125 0.697265625 0.712890625 0.7265625 0.712890625 0.73828125 0.716796875 0.744140625 0.716796875 0.751953125 0.71875 0.75390625 0.71484375 0.759765625 0.70703125 0.759765625 0.705078125 0.76171875 0.693359375 0.7578125 0.693359375 0.74609375 0.697265625 0.740234375 0.697265625 0.73046875 0.69921875 0.728515625 0.703125 0.701171875 0.705078125 0.69921875
2 0.646484375 0.712890625 0.6484375 0.71484375 0.650390625 0.73828125 0.654296875 0.74609375 0.65625 0.7578125 0.65234375 0.76171875 0.64453125 0.76171875 0.638671875 0.7578125 0.638671875 0.744140625 0.640625 0.7421875 0.64453125 0.71484375
2 0.681640625 0.744140625 0.6875 0.755859375 0.685546875 0.76171875 0.681640625 0.7578125 0.6796875 0.744140625
2 0.626953125 0.736328125 0.630859375 0.755859375 0.625 0.75 0.62109375 0.755859375 0.625 0.73828125
2 0.21484375 0.70703125 0.21875 0.71484375 0.21875 0.72265625 0.22265625 0.7265625 0.224609375 0.744140625 0.228515625 0.75 0.228515625 0.7578125 0.22265625 0.76171875 0.216796875 0.7578125 0.212890625 0.7578125 0.20703125 0.75 0.20703125 0.732421875 0.21484375 0.708984375
2 0.951171875 0.75 0.953125 0.763671875 0.951171875 0.765625 0.947265625 0.76171875 0.94921875 0.759765625 0.94921875 0.751953125
2 0.037109375 0.740234375 0.0390625 0.740234375 0.041015625 0.759765625 0.04296875 0.76171875 0.041015625 0.7734375 0.033203125 0.7734375 0.03125 0.76953125 0.03125 0.759765625 0.037109375 0.7421875
2 0.1875 0.662109375 0.19140625 0.666015625 0.19140625 0.677734375 0.1953125 0.6875 0.1953125 0.697265625 0.19921875 0.705078125 0.203125 0.73046875 0.205078125 0.732421875 0.20703125 0.73046875 0.20703125 0.7265625 0.2109375 0.72265625 0.2109375 0.716796875 0.21484375 0.708984375 0.216796875 0.708984375 0.21875 0.72265625 0.22265625 0.7265625 0.22265625 0.736328125 0.228515625 0.751953125 0.228515625 0.7578125 0.2265625 0.759765625 0.21875 0.759765625 0.208984375 0.75390625 0.201171875 0.755859375 0.197265625 0.75 0.19140625 0.755859375 0.18359375 0.755859375 0.171875 0.759765625 0.146484375 0.7578125 0.142578125 0.751953125 0.138671875 0.7578125 0.1171875 0.759765625 0.111328125 0.76953125 0.1015625 0.759765625 0.087890625 0.7578125 0.0703125 0.763671875 0.064453125 0.7734375 0.05859375 0.775390625 0.0546875 0.7734375 0.04296875 0.7734375 0.037109375 0.765625 0.03515625 0.767578125 0.03125 0.765625 0.03515625 0.759765625 0.03515625 0.75390625 0.03515625 0.76171875 0.037109375 0.763671875 0.0390625 0.76171875 0.041015625 0.75 0.04296875 0.759765625 0.044921875 0.76171875 0.046875 0.759765625 0.052734375 0.74609375 0.0546875 0.73046875 0.05859375 0.724609375 0.05859375 0.716796875 0.0625 0.708984375 0.068359375 0.72265625 0.0703125 0.736328125 0.07421875 0.7421875 0.07421875 0.75 0.078125 0.755859375 0.083984375 0.751953125 0.083984375 0.744140625 0.087890625 0.736328125 0.087890625 0.7265625 0.08984375 0.724609375 0.08984375 0.71484375 0.09375 0.70703125 0.09765625 0.677734375 0.1015625 0.6796875 0.103515625 0.705078125 0.107421875 0.712890625 0.107421875 0.72265625 0.11328125 0.7421875 0.11328125 0.75 0.1171875 0.75390625 0.123046875 0.75 0.130859375 0.724609375 0.134765625 0.71875 0.134765625 0.712890625 0.138671875 0.7109375 0.142578125 0.716796875 0.14453125 0.728515625 0.1484375 0.732421875 0.1484375 0.73828125 0.154296875 0.74609375 0.154296875 0.75 0.15625 0.751953125 0.158203125 0.75 0.158203125 0.744140625 0.162109375 0.740234375 0.162109375 0.732421875 0.1640625 0.73046875 0.166015625 0.73046875 0.16796875 0.7421875 0.171875 0.744140625 0.17578125 0.734375 0.17578125 0.720703125 0.1796875 0.71484375 0.181640625 0.693359375 0.185546875 0.685546875 0.1875 0.6640625
2 0.548828125 0.744140625 0.5546875 0.7578125 0.544921875 0.763671875 0.541015625 0.76171875 0.541015625 0.75 0.546875 0.744140625
2 0.1875 0.662109375 0.19140625 0.666015625 0.19140625 0.67578125 0.193359375 0.677734375 0.1953125 0.6953125 0.201171875 0.71484375 0.201171875 0.728515625 0.205078125 0.734375 0.205078125 0.75390625 0.201171875 0.75390625 0.201171875 0.75 0.197265625 0.74609375 0.19140625 0.751953125 0.19140625 0.7578125 0.1875 0.755859375 0.18359375 0.755859375 0.1796875 0.759765625 0.173828125 0.7578125 0.171875 0.748046875 0.17578125 0.736328125 0.17578125 0.724609375 0.1796875 0.71484375 0.181640625 0.693359375 0.185546875 0.685546875 0.1875 0.6640625
2 0.6630859375 0.755859375 0.009765625 0.0146484375
1 0.61764705859375 0.257142857421875 0.611764705078125 0.344897958984375 0.66235294140625 0.353061224609375 0.6647058828125 0.263265306640625 0.61764705859375 0.257142857421875