2 0.623046875 0.845703125 0.626953125 0.84765625 0.62890625 0.853515625 0.626953125 0.865234375 0.625 0.865234375 0.62109375 0.857421875 0.62109375 0.849609375 0.623046875 0.84765625
2 0.658203125 0.84765625 0.66015625 0.84765625 0.66015625 0.853515625 0.662109375 0.85546875 0.662109375 0.8671875 0.66015625 0.869140625 0.65625 0.8671875 0.65625 0.853515625 0.658203125 0.849609375
2 0.27734375 0.796875 0.28125 0.796875 0.283203125 0.8125 0.294921875 0.845703125 0.294921875 0.853515625 0.298828125 0.859375 0.298828125 0.865234375 0.302734375 0.869140625 0.302734375 0.87890625 0.291015625 0.87890625 0.2890625 0.880859375 0.255859375 0.87890625 0.26171875 0.853515625 0.267578125 0.841796875 0.267578125 0.833984375 0.271484375 0.828125 0.2734375 0.80859375 0.27734375 0.8046875 0.27734375 0.798828125
2 0.6455078125 0.37109375 0.046875 0.0859375
2 0.021484375 0.830078125 0.0234375 0.830078125 0.02734375 0.841796875 0.02734375 0.84765625 0.017578125 0.84765625 0.017578125 0.841796875 0.021484375 0.83203125
2 0.69921875 0.3720703125 0.044921875 0.083984375
2 0.798828125 0.81640625 0.802734375 0.828125 0.8046875 0.845703125 0.80859375 0.8515625 0.80859375 0.865234375 0.8046875 0.8671875 0.798828125 0.861328125 0.794921875 0.865234375 0.79296875 0.859375 0.79296875 0.84375 0.794921875 0.841796875 0.798828125 0.818359375
2 0.77734375 0.84375 0.78125 0.84375 0.78125 0.849609375 0.783203125 0.8515625 0.78125 0.861328125 0.7734375 0.861328125 0.7734375 0.853515625 0.77734375 0.849609375 0.77734375 0.845703125
2 0.857421875 0.802734375 0.861328125 0.80859375 0.86328125 0.830078125 0.8671875 0.8359375 0.8671875 0.845703125 0.87109375 0.857421875 0.87109375 0.865234375 0.8671875 0.861328125 0.861328125 0.861328125 0.857421875 0.8671875 0.853515625 0.8671875 0.84765625 0.865234375 0.845703125 0.861328125 0.84765625 0.84765625 0.8515625 0.83984375 0.853515625 0.81640625 0.857421875 0.810546875 0.857421875 0.8046875
2 0.33203125 0.796875 0.3359375 0.80078125 0.33984375 0.822265625 0.34375 0.828125 0.345703125 0.841796875 0.349609375 0.845703125 0.349609375 0.853515625 0.357421875 0.876953125 0.35546875 0.87890625 0.310546875 0.87890625 0.3125 0.861328125 0.31640625 0.857421875 0.318359375 0.84375 0.322265625 0.8359375 0.32421875 0.822265625 0.33203125 0.798828125
2 0.38671875 0.796875 0.390625 0.802734375 0.392578125 0.822265625 0.396484375 0.826171875 0.40234375 0.853515625 0.40625 0.859375 0.408203125 0.876953125 0.40625 0.87890625 0.365234375 0.87890625 0.365234375 0.8671875 0.37109375 0.845703125 0.375 0.841796875 0.376953125 0.828125 0.380859375 0.822265625 0.384765625 0.798828125
2 0.5927734375 0.37109375 0.0458984375 0.08203125
1 0.661176470703125 0.51020408203125 0.649411765625 0.51020408203125 0.610588234375 0.52244898046875 0.61764705859375 0.608163265625 0.66705882421875 0.59795918359375 0.663529412109375 0.51836734765625 0.661176470703125 0.51020408203125
0 0.69921875 0.7421875 0.0556640625 0.2744140625
0 0.6455078125 0.28125 0.1611328125 0.0966796875
0 0.9130859375 0.7470703125 0.046875 0.078125
0 0.9140625 0.8369140625 0.048828125 0.078125
0 0.413411765625 0.783087755859375 0.412470587890625 0.88424898046875 0.470823529296875 0.88424898046875 0.471764705078125 0.8353 0.518823529296875 0.838563265625 0.522588234375 0.882616326171875 0.576235294921875 0.885879591796875 0.578117646484375 0.78961428515625 0.413411765625 0.783087755859375