0 0.614823529296875 0.528553060546875 0.8247058828125 0.531816326171875 0.82564705859375 0.851616326171875 0.880235294921875 0.853246939453125 0.880235294921875 0.481236734375 0.556470587890625 0.47797346875 0.55835294140625 0.858142857421875 0.61294117578125 0.853469388671875 0.614823529296875 0.528553060546875
0 0.423828125 0.5966796875 0.1572265625 0.037109375
0 0.2626953125 0.6953125 0.05859375 0.0458984375
2 0.6328125 0.78515625 0.63671875 0.7890625 0.63671875 0.794921875 0.642578125 0.80859375 0.642578125 0.818359375 0.646484375 0.828125 0.64453125 0.8359375 0.640625 0.833984375 0.640625 0.828125 0.638671875 0.826171875 0.6328125 0.833984375 0.625 0.83203125 0.62109375 0.8359375 0.623046875 0.81640625 0.6328125 0.787109375
2 0.736328125 0.802734375 0.736328125 0.810546875 0.740234375 0.81640625 0.740234375 0.83203125 0.736328125 0.83203125 0.732421875 0.82421875 0.732421875 0.806640625 0.734375 0.8046875
2 0.87890625 0.794921875 0.880859375 0.806640625 0.884765625 0.8125 0.884765625 0.826171875 0.88671875 0.828125 0.884765625 0.837890625 0.880859375 0.841796875 0.876953125 0.837890625 0.876953125 0.794921875
2 0.759765625 0.736328125 0.763671875 0.748046875 0.763671875 0.7578125 0.765625 0.759765625 0.76953125 0.787109375 0.771484375 0.7890625 0.771484375 0.802734375 0.775390625 0.80859375 0.775390625 0.828125 0.76953125 0.833984375 0.76171875 0.83203125 0.759765625 0.81640625 0.755859375 0.8125 0.751953125 0.814453125 0.75 0.826171875 0.748046875 0.826171875 0.744140625 0.818359375 0.759765625 0.73828125
2 0.951171875 0.82421875 0.955078125 0.833984375 0.955078125 0.841796875 0.953125 0.84375 0.947265625 0.84375 0.9453125 0.841796875 0.9453125 0.8359375 0.94921875 0.826171875
2 0.236328125 0.78515625 0.240234375 0.791015625 0.25 0.826171875 0.25 0.83203125 0.248046875 0.833984375 0.2421875 0.833984375 0.236328125 0.837890625 0.224609375 0.833984375 0.2265625 0.814453125 0.23046875 0.80859375 0.23046875 0.802734375 0.236328125 0.787109375
2 0.708984375 0.787109375 0.712890625 0.798828125 0.716796875 0.802734375 0.71875 0.8125 0.72265625 0.81640625 0.72265625 0.830078125 0.716796875 0.8359375 0.712890625 0.8359375 0.705078125 0.830078125 0.701171875 0.833984375 0.693359375 0.83203125 0.693359375 0.822265625 0.697265625 0.818359375 0.697265625 0.8125 0.701171875 0.80859375 0.701171875 0.802734375 0.70703125 0.79296875 0.70703125 0.7890625
2 0.669921875 0.75390625 0.673828125 0.767578125 0.673828125 0.78125 0.677734375 0.791015625 0.6796875 0.8125 0.681640625 0.814453125 0.681640625 0.83203125 0.6796875 0.8359375 0.66796875 0.833984375 0.662109375 0.837890625 0.65625 0.833984375 0.658203125 0.806640625 0.662109375 0.798828125 0.6640625 0.77734375 0.66796875 0.76953125 0.66796875 0.7578125 0.669921875 0.755859375
2 0.78515625 0.78515625 0.787109375 0.78515625 0.7890625 0.796875 0.79296875 0.802734375 0.794921875 0.8203125 0.798828125 0.826171875 0.794921875 0.833984375 0.791015625 0.833984375 0.78515625 0.82421875 0.78125 0.826171875 0.78125 0.830078125 0.77734375 0.830078125 0.77734375 0.80859375 0.78515625 0.787109375
2 0.2734375 0.75390625 0.275390625 0.767578125 0.27734375 0.76953125 0.27734375 0.783203125 0.28125 0.7890625 0.28125 0.80078125 0.287109375 0.822265625 0.287109375 0.8359375 0.27734375 0.833984375 0.2734375 0.830078125 0.271484375 0.83203125 0.267578125 0.830078125 0.263671875 0.822265625 0.259765625 0.828125 0.26171875 0.80859375 0.265625 0.798828125 0.265625 0.787109375 0.267578125 0.78515625 0.267578125 0.77734375 0.2734375 0.755859375
2 0.927734375 0.78125 0.9296875 0.78125 0.931640625 0.787109375 0.931640625 0.794921875 0.93359375 0.796875 0.9375 0.822265625 0.94140625 0.830078125 0.94140625 0.83984375 0.943359375 0.841796875 0.943359375 0.84765625 0.94140625 0.849609375 0.931640625 0.849609375 0.927734375 0.845703125 0.92578125 0.8359375 0.919921875 0.83203125 0.919921875 0.814453125 0.921875 0.8125 0.927734375 0.783203125
2 0.416015625 0.802734375 0.421875 0.822265625 0.419921875 0.833984375 0.41015625 0.83203125 0.41015625 0.822265625 0.416015625 0.8046875
2 0.36328125 0.736328125 0.36328125 0.7421875 0.3671875 0.748046875 0.369140625 0.7734375 0.375 0.791015625 0.375 0.802734375 0.37890625 0.810546875 0.37890625 0.83203125 0.376953125 0.833984375 0.373046875 0.822265625 0.3671875 0.826171875 0.3671875 0.830078125 0.36328125 0.833984375 0.357421875 0.83203125 0.3515625 0.833984375 0.34765625 0.83203125 0.34765625 0.814453125 0.349609375 0.8125 0.353515625 0.779296875 0.357421875 0.7734375 0.357421875 0.76171875 0.359375 0.759765625 0.359375 0.75 0.36328125 0.73828125
2 0.388671875 0.78515625 0.40234375 0.826171875 0.40234375 0.8359375 0.400390625 0.837890625 0.392578125 0.837890625 0.3828125 0.83203125 0.380859375 0.806640625 0.384765625 0.80078125 0.388671875 0.787109375
2 0.322265625 0.833984375 0.322265625 0.830078125 0.31640625 0.822265625 0.314453125 0.828125 0.30859375 0.833984375 0.302734375 0.8359375 0.294921875 0.833984375 0.296875 0.822265625 0.30078125 0.818359375 0.30078125 0.8125 0.3046875 0.80859375 0.306640625 0.796875 0.3125 0.787109375 0.314453125 0.787109375 0.31640625 0.798828125 0.3203125 0.802734375 0.326171875 0.8203125 0.326171875 0.83203125 0.32421875 0.833984375
2 0.33984375 0.802734375 0.33984375 0.8125 0.34375 0.8203125 0.345703125 0.8359375 0.34375 0.837890625 0.333984375 0.8359375 0.333984375 0.8203125 0.3359375 0.818359375 0.3359375 0.806640625 0.337890625 0.8046875
2 0.58235294140625 0.4 0.56235294140625 0.47755101953125 0.609411765625 0.47755101953125 0.589411765625 0.40612244921875 0.58235294140625 0.4
1 0.654117646484375 0.19387755078125 0.60705882421875 0.224489796875 0.623529412109375 0.30612244921875 0.670588234375 0.27755101953125 0.670588234375 0.261224490234375 0.654117646484375 0.19387755078125