2 0.146484375 0.650390625 0.15625 0.671875 0.15625 0.677734375 0.16015625 0.681640625 0.16015625 0.69921875 0.15625 0.701171875 0.15234375 0.6953125 0.146484375 0.69921875 0.138671875 0.693359375 0.134765625 0.69921875 0.12890625 0.69921875 0.12890625 0.693359375 0.1328125 0.6875 0.1328125 0.681640625 0.138671875 0.671875 0.14453125 0.65234375
2 0.396484375 0.65234375 0.40234375 0.669921875 0.40234375 0.69140625 0.400390625 0.697265625 0.39453125 0.6953125 0.392578125 0.701171875 0.388671875 0.701171875 0.388671875 0.6875 0.392578125 0.677734375 0.392578125 0.66796875 0.396484375 0.654296875
2 0.197265625 0.599609375 0.201171875 0.611328125 0.201171875 0.623046875 0.205078125 0.630859375 0.20703125 0.654296875 0.212890625 0.671875 0.2109375 0.6875 0.20703125 0.6953125 0.19921875 0.6953125 0.197265625 0.697265625 0.193359375 0.6953125 0.189453125 0.6875 0.18359375 0.693359375 0.181640625 0.69140625 0.181640625 0.67578125 0.185546875 0.66796875 0.1875 0.646484375 0.19140625 0.638671875 0.19140625 0.625 0.193359375 0.623046875 0.193359375 0.61328125 0.197265625 0.6015625
2 0.107421875 0.6171875 0.109375 0.6328125 0.11328125 0.642578125 0.115234375 0.6640625 0.12109375 0.681640625 0.12109375 0.708984375 0.119140625 0.712890625 0.1171875 0.7109375 0.1171875 0.705078125 0.111328125 0.69921875 0.107421875 0.697265625 0.10546875 0.69921875 0.099609375 0.69921875 0.09375 0.689453125 0.095703125 0.669921875 0.099609375 0.662109375 0.099609375 0.65234375 0.103515625 0.642578125 0.10546875 0.619140625
2 0.65625 0.677734375 0.66015625 0.6796875 0.66015625 0.689453125 0.662109375 0.69140625 0.66015625 0.703125 0.65625 0.70703125 0.65625 0.703125 0.65234375 0.69921875 0.65234375 0.69140625 0.65625 0.6875 0.65625 0.6796875
2 0.607421875 0.6796875 0.615234375 0.69921875 0.603515625 0.705078125 0.603515625 0.69140625 0.607421875 0.681640625
2 0.044921875 0.677734375 0.046875 0.6796875 0.046875 0.689453125 0.05078125 0.697265625 0.05078125 0.70703125 0.041015625 0.70703125 0.04296875 0.681640625 0.044921875 0.6796875
2 0.0703125 0.6484375 0.072265625 0.6484375 0.07421875 0.66015625 0.080078125 0.671875 0.080078125 0.6796875 0.0859375 0.701171875 0.078125 0.69921875 0.07421875 0.703125 0.072265625 0.71484375 0.0546875 0.71484375 0.052734375 0.712890625 0.052734375 0.70703125 0.05859375 0.6953125 0.060546875 0.677734375 0.06640625 0.666015625 0.06640625 0.66015625 0.0703125 0.654296875 0.0703125 0.650390625
2 0.642578125 0.6796875 0.64453125 0.685546875 0.64453125 0.701171875 0.638671875 0.703125 0.640625 0.681640625
2 0.22265625 0.6484375 0.224609375 0.6484375 0.224609375 0.654296875 0.228515625 0.66015625 0.23046875 0.673828125 0.234375 0.6796875 0.234375 0.6875 0.236328125 0.689453125 0.236328125 0.69921875 0.234375 0.701171875 0.220703125 0.697265625 0.21875 0.681640625 0.21484375 0.67578125 0.21484375 0.671875 0.21875 0.666015625 0.21875 0.66015625 0.22265625 0.650390625
2 0.48046875 0.689453125 0.482421875 0.689453125 0.484375 0.6953125 0.484375 0.69921875 0.48046875 0.703125 0.478515625 0.701171875 0.478515625 0.693359375 0.48046875 0.69140625
2 0.81640625 0.654296875 0.81640625 0.662109375 0.822265625 0.6796875 0.82421875 0.701171875 0.822265625 0.703125 0.81640625 0.703125 0.80859375 0.6953125 0.80859375 0.681640625 0.810546875 0.6796875 0.810546875 0.669921875 0.814453125 0.65625
2 0.875 0.638671875 0.880859375 0.671875 0.884765625 0.677734375 0.884765625 0.693359375 0.87890625 0.697265625 0.875 0.705078125 0.8671875 0.69921875 0.86328125 0.69921875 0.86328125 0.681640625 0.865234375 0.6796875 0.865234375 0.669921875 0.869140625 0.6640625 0.873046875 0.640625
2 0.1748046875 0.685546875 0.0126953125 0.037109375
2 0.455078125 0.638671875 0.45703125 0.638671875 0.458984375 0.64453125 0.4609375 0.666015625 0.466796875 0.6796875 0.466796875 0.6875 0.4609375 0.701171875 0.45703125 0.701171875 0.453125 0.697265625 0.447265625 0.697265625 0.4453125 0.69921875 0.4453125 0.6796875 0.44921875 0.671875 0.451171875 0.65234375 0.455078125 0.646484375 0.455078125 0.640625
2 0.25 0.666015625 0.25390625 0.685546875 0.248046875 0.6953125 0.248046875 0.69921875 0.244140625 0.701171875 0.244140625 0.6875 0.25 0.66796875
2 0.767578125 0.6796875 0.771484375 0.681640625 0.771484375 0.6875 0.775390625 0.693359375 0.775390625 0.69921875 0.7734375 0.701171875 0.76953125 0.703125 0.765625 0.701171875 0.767578125 0.681640625
0 0.3125 0.53125 0.05078125 0.36328125
0 0.2568359375 0.3701171875 0.05078125 0.0458984375
0 0.1513671875 0.462890625 0.056640625 0.046875
0 0.525390625 0.5751953125 0.052734375 0.279296875
0 0.740234375 0.62109375 0.0546875 0.18359375
0 0.955078125 0.6728515625 0.0263671875 0.05078125
0 0.0439453125 0.556640625 0.0205078125 0.0146484375
1 0.6396484375 0.3134765625 0.052734375 0.0908203125