1 0.3359073359375 0.35744680859375 0.338996138671875 0.36312056640625 0.385328185546875 0.381560283203125 0.396911197265625 0.29219858203125 0.393050193359375 0.286524822265625 0.348262548828125 0.26808510546875 0.33745173828125 0.341843970703125 0.3359073359375 0.35744680859375
2 0.820849419921875 0.713475177734375 0.796911197265625 0.6255319140625 0.774517375 0.69787233984375 0.77297297265625 0.706382978515625 0.7768339765625 0.7148936171875 0.820849419921875 0.713475177734375
2 0.826254826171875 0.706382978515625 0.827799228515625 0.7148936171875 0.87335907421875 0.713475177734375 0.85019305078125 0.62695035546875 0.826254826171875 0.706382978515625
2 0.903474904296875 0.62695035546875 0.899613900390625 0.628368794921875 0.88108108203125 0.696453900390625 0.8795366796875 0.7148936171875 0.92664092578125 0.713475177734375 0.903474904296875 0.62695035546875
2 0.336679537109375 0.696453900390625 0.34749034765625 0.70212766015625 0.362162162109375 0.69219858203125 0.36293436328125 0.676595744140625 0.352123552734375 0.604255318359375 0.34903475 0.60709219921875 0.336679537109375 0.683687943359375 0.336679537109375 0.696453900390625
2 0.384555984375 0.69219858203125 0.376061775390625 0.648226951171875 0.37065637109375 0.670921986328125 0.369884169921875 0.6851063828125 0.376061775390625 0.696453900390625 0.384555984375 0.69219858203125
2 0.259459458984375 0.696453900390625 0.2617760625 0.69787233984375 0.2694980703125 0.68226950390625 0.2617760625 0.6354609921875 0.2540540546875 0.67234042578125 0.253281853515625 0.68794326171875 0.259459458984375 0.696453900390625
2 0.246332046875 0.69219858203125 0.241698841796875 0.66241134765625 0.237837837890625 0.66808510546875 0.233976833984375 0.69787233984375 0.241698841796875 0.703546099609375 0.246332046875 0.69219858203125
2 0.309652509765625 0.69219858203125 0.313513513671875 0.699290779296875 0.32432432421875 0.696453900390625 0.32972973046875 0.689361701171875 0.3204633203125 0.653900708984375 0.317374517578125 0.6553191484375 0.3127413125 0.67234042578125 0.309652509765625 0.69219858203125
2 0.286486486328125 0.700709220703125 0.296525095703125 0.70212766015625 0.299613900390625 0.69787233984375 0.292664091796875 0.680851064453125 0.284942083984375 0.689361701171875 0.28339768359375 0.696453900390625 0.286486486328125 0.700709220703125
0 0.0703125 0.64453125 0.0615234375 0.0517578125
0 0.271484375 0.548828125 0.0712890625 0.0595703125
0 0.4794921875 0.5654296875 0.0615234375 0.283203125
0 0.5849609375 0.552734375 0.0625 0.068359375
0 0.7177734375 0.64453125 0.1162109375 0.056640625