2 0.2578125 0.6484375 0.259765625 0.6484375 0.259765625 0.65625 0.263671875 0.662109375 0.265625 0.68359375 0.26953125 0.689453125 0.26953125 0.6953125 0.263671875 0.705078125 0.25 0.70703125 0.248046875 0.703125 0.25 0.6796875 0.25390625 0.671875 0.2578125 0.650390625
2 0.949411765625 0.661224490234375 0.938823529296875 0.7040816328125 0.96235294140625 0.7040816328125 0.961176470703125 0.691836734375 0.949411765625 0.661224490234375
2 0.901176470703125 0.642857142578125 0.87764705859375 0.7204081640625 0.92235294140625 0.72244898046875 0.9152941171875 0.68571428515625 0.901176470703125 0.642857142578125
2 0.663529412109375 0.638775509765625 0.66 0.638775509765625 0.636470587890625 0.72244898046875 0.685882353515625 0.72244898046875 0.67764705859375 0.68571428515625 0.663529412109375 0.638775509765625
2 0.60705882421875 0.640816326171875 0.585882353515625 0.71836734765625 0.630588234375 0.7204081640625 0.62 0.67755101953125 0.60705882421875 0.640816326171875
2 0.468235294921875 0.70204081640625 0.474117646484375 0.71428571484375 0.47764705859375 0.70612244921875 0.4752941171875 0.68979591796875 0.468235294921875 0.70204081640625
2 0.41764705859375 0.70204081640625 0.42 0.71428571484375 0.431764705078125 0.708163265625 0.425882353515625 0.68979591796875 0.41764705859375 0.70204081640625
2 0.194117646484375 0.70204081640625 0.2047058828125 0.71020408203125 0.211764705078125 0.6959183671875 0.203529412109375 0.661224490234375 0.194117646484375 0.70204081640625
0 0.556470587890625 0.626530611328125 0.528235294921875 0.634693876953125 0.528235294921875 0.7204081640625 0.58 0.7204081640625 0.58 0.634693876953125 0.556470587890625 0.626530611328125
0 0.33984375 0.626953125 0.0556640625 0.1630859375
0 0.1259765625 0.576171875 0.0556640625 0.25390625
1 0.651764705078125 0.434693876953125 0.605882353515625 0.469387755859375 0.62705882421875 0.551020408203125 0.671764705078125 0.51836734765625 0.671764705078125 0.508163265625 0.651764705078125 0.434693876953125