2 0.043243244140625 0.503546099609375 0.04247104296875 0.5148936171875 0.08571428515625 0.5148936171875 0.0640926640625 0.43262411328125 0.043243244140625 0.503546099609375
2 0.2540540546875 0.710638298828125 0.298069498046875 0.709219857421875 0.27567567578125 0.621276595703125 0.271814671875 0.624113474609375 0.25096525 0.699290779296875 0.25019305078125 0.709219857421875 0.2540540546875 0.710638298828125
2 0.46563706640625 0.69219858203125 0.46023166015625 0.660992908203125 0.455598455078125 0.676595744140625 0.453281853515625 0.69219858203125 0.459459458984375 0.700709220703125 0.46563706640625 0.69219858203125
2 0.471814671875 0.6851063828125 0.47567567578125 0.69219858203125 0.49111969140625 0.69219858203125 0.4949806953125 0.683687943359375 0.4949806953125 0.670921986328125 0.488030888671875 0.64255319140625 0.484169884765625 0.64255319140625 0.471814671875 0.6851063828125
2 0.508108107421875 0.60283687890625 0.496525095703125 0.663829787109375 0.496525095703125 0.680851064453125 0.50115830078125 0.690780142578125 0.5127413125 0.69787233984375 0.52432432421875 0.68794326171875 0.528185328125 0.67801418359375 0.511969111328125 0.590070921875 0.508108107421875 0.60283687890625
2 0.5413127421875 0.690780142578125 0.53745173828125 0.660992908203125 0.535135134765625 0.660992908203125 0.528185328125 0.6851063828125 0.528957529296875 0.693617021484375 0.5413127421875 0.690780142578125
2 0.546718146484375 0.690780142578125 0.563706564453125 0.700709220703125 0.577606177734375 0.690780142578125 0.575289576171875 0.6751773046875 0.563706564453125 0.643971630859375 0.559845560546875 0.6453900703125 0.54749034765625 0.68226950390625 0.546718146484375 0.690780142578125
2 0.59845559765625 0.609929078125 0.5868725859375 0.67801418359375 0.58841698828125 0.689361701171875 0.589961390625 0.680851064453125 0.59459459375 0.67801418359375 0.600772201171875 0.693617021484375 0.61389961328125 0.690780142578125 0.6131274140625 0.670921986328125 0.6023166015625 0.609929078125 0.59845559765625 0.609929078125
2 0.6231660234375 0.68794326171875 0.626254826171875 0.690780142578125 0.636293435546875 0.69219858203125 0.640926640625 0.6851063828125 0.647876447265625 0.6851063828125 0.636293435546875 0.6397163125 0.624710423828125 0.6751773046875 0.6231660234375 0.68794326171875
2 0.66563706640625 0.69219858203125 0.661003861328125 0.670921986328125 0.65791505859375 0.680851064453125 0.65791505859375 0.6950354609375 0.6640926640625 0.696453900390625 0.66563706640625 0.69219858203125
1 0.37297297265625 0.456737587890625 0.40154440234375 0.38014184375 0.362162162109375 0.326241134765625 0.34749034765625 0.3546099296875 0.33204633203125 0.39716312109375 0.332818533203125 0.408510638671875 0.37297297265625 0.456737587890625
0 0.0654296875 0.5732421875 0.05859375 0.1083984375
0 0.3251953125 0.6171875 0.0576171875 0.203125
0 0.8017578125 0.619140625 0.06640625 0.201171875