2 0.061176470703125 0.691836734375 0.0552941171875 0.7122448984375 0.070588234375 0.71428571484375 0.0647058828125 0.68979591796875 0.061176470703125 0.691836734375
2 0.1 0.68979591796875 0.088235294921875 0.636734693359375 0.076470587890625 0.68571428515625 0.074117646484375 0.7122448984375 0.088235294921875 0.7122448984375 0.1 0.68979591796875
2 0.156470587890625 0.691836734375 0.149411765625 0.653061224609375 0.145882353515625 0.655102041015625 0.138823529296875 0.68571428515625 0.143529412109375 0.70204081640625 0.156470587890625 0.691836734375
2 0.471764705078125 0.6959183671875 0.46705882421875 0.6795918359375 0.463529412109375 0.68367346875 0.46 0.69795918359375 0.465882353515625 0.70612244921875 0.471764705078125 0.6959183671875
2 0.48 0.68163265234375 0.478823529296875 0.69795918359375 0.483529412109375 0.7 0.4847058828125 0.6877551015625 0.48 0.68163265234375
2 0.523529412109375 0.7 0.51764705859375 0.68163265234375 0.511764705078125 0.6877551015625 0.509411765625 0.7 0.518823529296875 0.70612244921875 0.523529412109375 0.7
2 0.691764705078125 0.6959183671875 0.678823529296875 0.636734693359375 0.669411765625 0.669387755859375 0.66705882421875 0.69795918359375 0.68235294140625 0.70204081640625 0.691764705078125 0.6959183671875
2 0.7447058828125 0.68367346875 0.73764705859375 0.651020408203125 0.729411765625 0.68367346875 0.729411765625 0.7 0.74235294140625 0.6959183671875 0.7447058828125 0.68367346875
2 0.7552941171875 0.67755101953125 0.754117646484375 0.69387755078125 0.76235294140625 0.6959183671875 0.758823529296875 0.675510203125 0.7552941171875 0.67755101953125
0 0.8427734375 0.3935546875 0.1142578125 0.09765625
0 0.9228515625 0.501953125 0.05859375 0.1025390625
0 0.6005859375 0.5771484375 0.0615234375 0.28515625
0 0.384765625 0.6240234375 0.056640625 0.1806640625
0 0.224609375 0.5732421875 0.05859375 0.2734375
1 0.325882353515625 0.5 0.348235294921875 0.532653060546875 0.36705882421875 0.532653060546875 0.38 0.5204081640625 0.3952941171875 0.469387755859375 0.35294117578125 0.424489796875 0.328235294921875 0.48571428515625 0.325882353515625 0.5