2 0.050588234375 0.68367346875 0.0447058828125 0.71428571484375 0.09294117578125 0.7122448984375 0.069411765625 0.630612244140625 0.050588234375 0.68367346875
2 0.231764705078125 0.391836734375 0.251764705078125 0.31632653125 0.241176470703125 0.3122448984375 0.205882353515625 0.31428571484375 0.22705882421875 0.3959183671875 0.231764705078125 0.391836734375
2 0.28235294140625 0.39795918359375 0.3047058828125 0.31428571484375 0.2647058828125 0.3122448984375 0.26 0.31428571484375 0.261176470703125 0.324489796875 0.28235294140625 0.39795918359375
2 0.358823529296875 0.31428571484375 0.31294117578125 0.3122448984375 0.33764705859375 0.39387755078125 0.358823529296875 0.31428571484375
2 0.368235294921875 0.3122448984375 0.36705882421875 0.3204081640625 0.390588234375 0.39387755078125 0.41294117578125 0.31632653125 0.368235294921875 0.3122448984375
2 0.4647058828125 0.31632653125 0.42235294140625 0.31428571484375 0.443529412109375 0.39387755078125 0.4647058828125 0.31632653125
2 0.52 0.31428571484375 0.474117646484375 0.3122448984375 0.49764705859375 0.39387755078125 0.52 0.31428571484375
2 0.549411765625 0.3959183671875 0.574117646484375 0.3122448984375 0.528235294921875 0.3122448984375 0.549411765625 0.3959183671875
2 0.625882353515625 0.31428571484375 0.58235294140625 0.31428571484375 0.6047058828125 0.3959183671875 0.625882353515625 0.31428571484375
2 0.67294117578125 0.3122448984375 0.634117646484375 0.31428571484375 0.65764705859375 0.3959183671875 0.68 0.31836734765625 0.67294117578125 0.3122448984375
2 0.709411765625 0.3959183671875 0.734117646484375 0.3122448984375 0.688235294921875 0.3122448984375 0.709411765625 0.3959183671875
2 0.7647058828125 0.3959183671875 0.78705882421875 0.3122448984375 0.74235294140625 0.3122448984375 0.7647058828125 0.3959183671875
2 0.79764705859375 0.3122448984375 0.796470587890625 0.32244898046875 0.81764705859375 0.3959183671875 0.841176470703125 0.31428571484375 0.79764705859375 0.3122448984375
2 0.854117646484375 0.3122448984375 0.848235294921875 0.31632653125 0.87294117578125 0.3959183671875 0.8952941171875 0.31428571484375 0.854117646484375 0.3122448984375
0 0.55078125 0.265625 0.69921875 0.09765625
1 0.394117646484375 0.465306123046875 0.35294117578125 0.428571427734375 0.3447058828125 0.440816326171875 0.32705882421875 0.50612244921875 0.37294117578125 0.544897958984375 0.394117646484375 0.465306123046875