1 0.400772201171875 0.188652482421875 0.400772201171875 0.181560283203125 0.37297297265625 0.1148936171875 0.367567568359375 0.116312056640625 0.35521235546875 0.133333333984375 0.331274130859375 0.16737588671875 0.331274130859375 0.17304964453125 0.362162162109375 0.24255319140625 0.400772201171875 0.188652482421875
2 0.41796875 0.94921875 0.419921875 0.94921875 0.419921875 0.95703125 0.423828125 0.966796875 0.423828125 0.98046875 0.419921875 0.984375 0.4140625 0.984375 0.4140625 0.96875 0.416015625 0.966796875 0.41796875 0.951171875
2 0.677734375 0.921875 0.681640625 0.931640625 0.681640625 0.94140625 0.685546875 0.951171875 0.685546875 0.9609375 0.689453125 0.96875 0.689453125 0.9765625 0.677734375 0.98828125 0.673828125 0.984375 0.66796875 0.984375 0.666015625 0.978515625 0.671875 0.943359375 0.67578125 0.935546875 0.67578125 0.923828125
2 0.328125 0.935546875 0.33203125 0.95703125 0.333984375 0.958984375 0.333984375 0.974609375 0.328125 0.984375 0.3203125 0.978515625 0.322265625 0.955078125 0.328125 0.9375
2 0.369140625 0.9296875 0.375 0.951171875 0.373046875 0.978515625 0.365234375 0.986328125 0.357421875 0.984375 0.35546875 0.98046875 0.35546875 0.974609375 0.359375 0.96875 0.36328125 0.947265625 0.3671875 0.94140625 0.3671875 0.93359375 0.369140625 0.931640625
2 0.736328125 0.935546875 0.736328125 0.94140625 0.740234375 0.951171875 0.740234375 0.962890625 0.744140625 0.970703125 0.7421875 0.982421875 0.73828125 0.982421875 0.732421875 0.986328125 0.728515625 0.98046875 0.728515625 0.970703125 0.734375 0.94921875 0.734375 0.9375
2 0.484375 0.900390625 0.486328125 0.919921875 0.490234375 0.9296875 0.4921875 0.953125 0.494140625 0.955078125 0.494140625 0.970703125 0.48828125 0.974609375 0.48828125 0.978515625 0.484375 0.982421875 0.48046875 0.978515625 0.478515625 0.982421875 0.470703125 0.984375 0.470703125 0.96484375 0.47265625 0.962890625 0.47265625 0.953125 0.474609375 0.951171875 0.474609375 0.94140625 0.4765625 0.939453125 0.4765625 0.9296875 0.48046875 0.919921875 0.482421875 0.90234375
2 0.51953125 0.9296875 0.5234375 0.94921875 0.53125 0.970703125 0.53125 0.98046875 0.5234375 0.98828125 0.51953125 0.98828125 0.515625 0.984375 0.509765625 0.984375 0.505859375 0.98046875 0.517578125 0.931640625
2 0.271484375 0.939453125 0.275390625 0.951171875 0.275390625 0.958984375 0.279296875 0.96484375 0.279296875 0.982421875 0.2734375 0.984375 0.267578125 0.98046875 0.26171875 0.984375 0.259765625 0.98046875 0.267578125 0.95703125 0.26953125 0.94140625
2 0.39453125 0.880859375 0.3984375 0.89453125 0.400390625 0.921875 0.404296875 0.9296875 0.404296875 0.94140625 0.40625 0.943359375 0.408203125 0.96484375 0.41015625 0.966796875 0.408203125 0.978515625 0.404296875 0.96875 0.400390625 0.96875 0.39453125 0.978515625 0.38671875 0.978515625 0.380859375 0.966796875 0.380859375 0.94921875 0.3828125 0.947265625 0.384765625 0.927734375 0.38671875 0.92578125 0.38671875 0.91796875 0.392578125 0.896484375 0.392578125 0.884765625 0.39453125 0.8828125
2 0.212890625 0.923828125 0.216796875 0.93359375 0.21875 0.9609375 0.212890625 0.982421875 0.2109375 0.98046875 0.20703125 0.984375 0.203125 0.984375 0.205078125 0.982421875 0.205078125 0.966796875 0.20703125 0.96484375 0.20703125 0.955078125 0.208984375 0.953125 0.212890625 0.92578125
2 0.19140625 0.94921875 0.193359375 0.94921875 0.1953125 0.96875 0.197265625 0.970703125 0.197265625 0.984375 0.19140625 0.984375 0.1875 0.98046875 0.19140625 0.951171875
2 0.443359375 0.93359375 0.4453125 0.93359375 0.44921875 0.94140625 0.455078125 0.958984375 0.455078125 0.96875 0.451171875 0.9765625 0.4453125 0.98046875 0.4375 0.978515625 0.43359375 0.958984375 0.443359375 0.935546875
2 0.302734375 0.890625 0.306640625 0.921875 0.30859375 0.923828125 0.30859375 0.935546875 0.3125 0.94921875 0.3125 0.9609375 0.314453125 0.962890625 0.314453125 0.982421875 0.310546875 0.986328125 0.306640625 0.982421875 0.29296875 0.984375 0.29296875 0.978515625 0.291015625 0.9765625 0.291015625 0.958984375 0.29296875 0.95703125 0.296875 0.91796875 0.30078125 0.908203125 0.30078125 0.89453125 0.302734375 0.892578125
2 0.341796875 0.951171875 0.34375 0.951171875 0.345703125 0.966796875 0.3515625 0.98046875 0.349609375 0.984375 0.345703125 0.982421875 0.341796875 0.984375 0.33984375 0.982421875 0.337890625 0.970703125 0.33984375 0.96875 0.33984375 0.95703125 0.341796875 0.953125
0 0.072265625 0.5439453125 0.0439453125 0.044921875
0 0.2841796875 0.4404296875 0.06640625 0.06640625
0 0.4970703125 0.3505859375 0.0751953125 0.060546875
0 0.9189453125 0.4736328125 0.04296875 0.08203125
0 0.91796875 0.5693359375 0.041015625 0.0810546875
0 0.9189453125 0.6630859375 0.0400390625 0.0810546875
0 0.91796875 0.763671875 0.0439453125 0.080078125
0 0.9189453125 0.865234375 0.0439453125 0.076171875
0 0.9189453125 0.955078125 0.0439453125 0.07421875
0 0.7777166015625 0.998581560546875 0.903915830078125 0.998581560546875 0.89795907421875 0.415805673828125 0.670049419921875 0.405733333984375 0.674462548828125 0.536957447265625 0.7759513515625 0.54019858203125 0.7777166015625 0.998581560546875