2 0.4741312734375 0.194326240234375 0.477220078125 0.214184396484375 0.497297296875 0.279432625 0.51891891796875 0.194326240234375 0.4741312734375 0.194326240234375
2 0.6023166015625 0.375886525390625 0.6231660234375 0.293617021484375 0.581467181640625 0.29219858203125 0.579922779296875 0.296453900390625 0.584555984375 0.31773049609375 0.6023166015625 0.375886525390625
2 0.004633205078125 0.75744680859375 0.024710423828125 0.7546099296875 0.015444015625 0.689361701171875 0.01158301171875 0.696453900390625 0.00386100390625 0.743262412109375 0.0023166015625 0.7546099296875 0.004633205078125 0.75744680859375
2 0.05096525 0.748936169921875 0.043243244140625 0.733333333984375 0.035521236328125 0.7446808515625 0.03088803125 0.7546099296875 0.046332046875 0.7602836875 0.05096525 0.748936169921875
2 0.07335907421875 0.70780141796875 0.0694980703125 0.709219857421875 0.064864865234375 0.726241134765625 0.067181466796875 0.74751773046875 0.08185328125 0.74751773046875 0.07335907421875 0.70780141796875
2 0.11660231640625 0.746099291015625 0.102702703125 0.656737587890625 0.09111969140625 0.720567375 0.091891892578125 0.74751773046875 0.1050193046875 0.750354609375 0.11660231640625 0.746099291015625
2 0.119691119140625 0.741843970703125 0.122779921875 0.74751773046875 0.128957529296875 0.733333333984375 0.133590734375 0.74751773046875 0.13745173828125 0.74751773046875 0.1305019296875 0.7049645390625 0.12664092578125 0.7049645390625 0.119691119140625 0.741843970703125
2 0.20617760546875 0.753191490234375 0.214671814453125 0.746099291015625 0.215444015625 0.733333333984375 0.20617760546875 0.690780142578125 0.2023166015625 0.68794326171875 0.191505791015625 0.7446808515625 0.20617760546875 0.753191490234375
2 0.25791505859375 0.7546099296875 0.2617760625 0.7546099296875 0.271042470703125 0.743262412109375 0.2617760625 0.700709220703125 0.259459458984375 0.710638298828125 0.2540540546875 0.743262412109375 0.25791505859375 0.7546099296875
2 0.362162162109375 0.7546099296875 0.366023166015625 0.753191490234375 0.367567568359375 0.741843970703125 0.362162162109375 0.71205673828125 0.35752895703125 0.7347517734375 0.35752895703125 0.7446808515625 0.362162162109375 0.7546099296875
2 0.38069498046875 0.750354609375 0.38610038671875 0.748936169921875 0.391505791015625 0.729078013671875 0.383783783203125 0.689361701171875 0.376061775390625 0.726241134765625 0.374517375 0.743262412109375 0.38069498046875 0.750354609375
2 0.430115830078125 0.741843970703125 0.431660232421875 0.748936169921875 0.4386100390625 0.748936169921875 0.44247104296875 0.74042553125 0.449420849609375 0.7446808515625 0.44247104296875 0.706382978515625 0.439382240234375 0.70780141796875 0.430115830078125 0.741843970703125
2 0.420849419921875 0.7446808515625 0.41158301171875 0.733333333984375 0.403088802734375 0.74751773046875 0.403088802734375 0.751773048828125 0.416988416015625 0.751773048828125 0.420849419921875 0.7446808515625
2 0.4617760625 0.713475177734375 0.45791505859375 0.741843970703125 0.459459458984375 0.750354609375 0.47335907421875 0.751773048828125 0.484169884765625 0.743262412109375 0.484942083984375 0.730496453125 0.47335907421875 0.656737587890625 0.47027026953125 0.660992908203125 0.4617760625 0.713475177734375
2 0.490347490234375 0.7446808515625 0.494208494140625 0.746099291015625 0.496525095703125 0.74042553125 0.505791505859375 0.750354609375 0.507335908203125 0.743262412109375 0.498069498046875 0.70212766015625 0.494208494140625 0.7148936171875 0.490347490234375 0.7446808515625
2 0.515057916015625 0.74042553125 0.51428571484375 0.748936169921875 0.523552123046875 0.748936169921875 0.51891891796875 0.739007091796875 0.515057916015625 0.74042553125
2 0.68108108203125 0.7446808515625 0.688803087890625 0.74751773046875 0.69343629296875 0.739007091796875 0.6949806953125 0.7248226953125 0.688030888671875 0.699290779296875 0.684942083984375 0.69787233984375 0.680308880859375 0.716312056640625 0.68108108203125 0.7446808515625
2 0.696525095703125 0.72765957421875 0.6949806953125 0.741843970703125 0.698069498046875 0.746099291015625 0.7127413125 0.743262412109375 0.717374517578125 0.751773048828125 0.728957529296875 0.743262412109375 0.728185328125 0.726241134765625 0.7127413125 0.646808509765625 0.696525095703125 0.72765957421875
2 0.74208494140625 0.746099291015625 0.73745173828125 0.716312056640625 0.73436293359375 0.723404255859375 0.7305019296875 0.74042553125 0.733590734375 0.751773048828125 0.74208494140625 0.746099291015625
2 0.750579150390625 0.726241134765625 0.753667953125 0.743262412109375 0.75752895703125 0.74751773046875 0.767567568359375 0.7446808515625 0.77297297265625 0.733333333984375 0.77065637109375 0.719148935546875 0.7613899609375 0.699290779296875 0.750579150390625 0.726241134765625
2 0.785328185546875 0.74751773046875 0.793050193359375 0.750354609375 0.79845559765625 0.746099291015625 0.80540540625 0.751773048828125 0.8131274140625 0.729078013671875 0.8023166015625 0.66808510546875 0.799227798828125 0.666666666015625 0.785328185546875 0.74751773046875
2 0.823938224609375 0.751773048828125 0.847104248046875 0.746099291015625 0.847104248046875 0.73191489453125 0.837837837890625 0.69787233984375 0.83474903515625 0.69787233984375 0.8231660234375 0.743262412109375 0.823938224609375 0.751773048828125
1 0.4 0.320567375 0.3768339765625 0.23687943359375 0.335135134765625 0.276595744140625 0.332818533203125 0.283687943359375 0.355984556640625 0.361702126953125 0.4 0.320567375
0 0.181640625 0.50390625 0.064453125 0.0537109375
0 0.390625 0.4052734375 0.0615234375 0.068359375
0 0.49609375 0.5009765625 0.0693359375 0.0693359375
0 0.626953125 0.6708984375 0.115234375 0.208984375
0 0.49609375 0.1416015625 0.0693359375 0.1201171875
0 0.603515625 0.236328125 0.076171875 0.1279296875
0 0.814453125 0.4091796875 0.0693359375 0.0673828125
0 0.9677734375 0.2099609375 0.064453125 0.048828125