1 0.40154440234375 0.218439716796875 0.369884169921875 0.14751773046875 0.331274130859375 0.204255318359375 0.331274130859375 0.21276595703125 0.362162162109375 0.2751773046875 0.3667953671875 0.2751773046875 0.40154440234375 0.218439716796875
2 0.55859375 0.673828125 0.5625 0.69921875 0.564453125 0.701171875 0.564453125 0.720703125 0.560546875 0.720703125 0.5546875 0.7265625 0.548828125 0.720703125 0.55078125 0.705078125 0.5546875 0.697265625 0.5546875 0.685546875 0.55859375 0.67578125
2 0.578125 0.697265625 0.578125 0.703125 0.583984375 0.720703125 0.58203125 0.72265625 0.578125 0.716796875 0.57421875 0.72265625 0.572265625 0.720703125 0.578125 0.69921875
2 0.130859375 0.685546875 0.1328125 0.703125 0.134765625 0.705078125 0.134765625 0.724609375 0.130859375 0.724609375 0.126953125 0.71875 0.126953125 0.69921875 0.130859375 0.6875
2 0.265625 0.673828125 0.2734375 0.703125 0.2734375 0.71484375 0.271484375 0.71875 0.259765625 0.71875 0.259765625 0.701171875 0.263671875 0.693359375 0.263671875 0.6796875 0.265625 0.67578125
2 0.5390625 0.712890625 0.54296875 0.712890625 0.544921875 0.716796875 0.544921875 0.724609375 0.5390625 0.724609375 0.537109375 0.720703125 0.5390625 0.71484375
2 0.05078125 0.705078125 0.056640625 0.72265625 0.0546875 0.73046875 0.046875 0.73046875 0.044921875 0.728515625 0.044921875 0.720703125 0.05078125 0.70703125
2 0.5234375 0.705078125 0.52734375 0.70703125 0.52734375 0.71484375 0.529296875 0.716796875 0.529296875 0.72265625 0.525390625 0.720703125 0.5234375 0.724609375 0.51953125 0.7265625 0.517578125 0.724609375 0.5234375 0.70703125
2 0.95703125 0.716796875 0.9609375 0.716796875 0.962890625 0.720703125 0.962890625 0.728515625 0.95703125 0.728515625 0.955078125 0.724609375 0.95703125 0.71875
2 0.19921875 0.71484375 0.201171875 0.712890625 0.203125 0.697265625 0.20703125 0.689453125 0.20703125 0.681640625 0.2109375 0.6796875 0.212890625 0.693359375 0.216796875 0.701171875 0.21875 0.71875 0.21484375 0.720703125 0.2109375 0.708984375 0.205078125 0.712890625 0.203125 0.724609375 0.201171875 0.716796875
2 0.1796875 0.705078125 0.18359375 0.70703125 0.189453125 0.71875 0.189453125 0.72265625 0.185546875 0.728515625 0.181640625 0.724609375 0.177734375 0.71875 0.1796875 0.70703125
2 0.578125 0.697265625 0.578125 0.703125 0.58203125 0.712890625 0.58203125 0.71484375 0.57421875 0.71484375 0.576171875 0.701171875 0.578125 0.69921875
2 0.15234375 0.662109375 0.154296875 0.681640625 0.158203125 0.69140625 0.158203125 0.705078125 0.162109375 0.71875 0.154296875 0.71875 0.15234375 0.716796875 0.150390625 0.705078125 0.146484375 0.701171875 0.150390625 0.6640625
2 0.947265625 0.705078125 0.94921875 0.705078125 0.951171875 0.71875 0.953125 0.720703125 0.953125 0.724609375 0.94921875 0.728515625 0.943359375 0.728515625 0.947265625 0.70703125
2 0.5 0.658203125 0.5 0.6640625 0.50390625 0.673828125 0.50390625 0.68359375 0.5078125 0.69140625 0.5078125 0.701171875 0.51171875 0.7109375 0.51171875 0.72265625 0.509765625 0.724609375 0.501953125 0.724609375 0.498046875 0.720703125 0.48828125 0.72265625 0.48828125 0.7109375 0.490234375 0.708984375 0.490234375 0.701171875 0.49609375 0.68359375 0.49609375 0.673828125 0.5 0.66015625
2 0.240234375 0.62890625 0.2421875 0.646484375 0.24609375 0.658203125 0.248046875 0.68359375 0.25 0.685546875 0.25 0.703125 0.248046875 0.705078125 0.248046875 0.71484375 0.244140625 0.720703125 0.2421875 0.71875 0.23828125 0.724609375 0.234375 0.724609375 0.2265625 0.71875 0.228515625 0.703125 0.23046875 0.701171875 0.23046875 0.6875 0.234375 0.67578125 0.234375 0.658203125 0.236328125 0.65625 0.240234375 0.630859375
2 0.287109375 0.7109375 0.291015625 0.724609375 0.2890625 0.7265625 0.28515625 0.724609375 0.283203125 0.720703125 0.28515625 0.712890625
0 0.8173828125 0.6005859375 0.212890625 0.29296875