0 0.1845703125 0.6826171875 0.166015625 0.056640625
0 0.375 0.771484375 0.12109375 0.0458984375
0 0.6142578125 0.6806640625 0.05859375 0.0517578125
0 0.828125 0.583984375 0.06640625 0.0478515625
0 0.93359375 0.6796875 0.0390625 0.0380859375
2 0.830078125 0.775390625 0.8359375 0.79296875 0.83984375 0.796875 0.83984375 0.8046875 0.841796875 0.806640625 0.841796875 0.80859375 0.8359375 0.810546875 0.8359375 0.818359375 0.83203125 0.822265625 0.8203125 0.818359375 0.8203125 0.810546875 0.818359375 0.80859375 0.818359375 0.80078125 0.828125 0.77734375
2 0.8671875 0.744140625 0.869140625 0.744140625 0.87109375 0.759765625 0.875 0.767578125 0.875 0.78125 0.876953125 0.783203125 0.876953125 0.79296875 0.87890625 0.794921875 0.880859375 0.814453125 0.8828125 0.81640625 0.8828125 0.818359375 0.876953125 0.8203125 0.873046875 0.814453125 0.873046875 0.806640625 0.8671875 0.80078125 0.86328125 0.80859375 0.86328125 0.818359375 0.857421875 0.822265625 0.853515625 0.822265625 0.85546875 0.802734375 0.859375 0.794921875 0.859375 0.783203125 0.861328125 0.78125 0.861328125 0.771484375 0.865234375 0.76171875 0.8671875 0.74609375
2 0.267578125 0.734375 0.267578125 0.744140625 0.271484375 0.751953125 0.2734375 0.78125 0.27734375 0.7890625 0.27734375 0.806640625 0.2734375 0.8125 0.2734375 0.818359375 0.26171875 0.826171875 0.251953125 0.818359375 0.265625 0.736328125
2 0.154296875 0.787109375 0.15625 0.7890625 0.15625 0.798828125 0.16015625 0.8125 0.16015625 0.82421875 0.15625 0.828125 0.150390625 0.82421875 0.150390625 0.80859375 0.15234375 0.806640625 0.154296875 0.7890625
2 0.9296875 0.802734375 0.931640625 0.802734375 0.93359375 0.822265625 0.935546875 0.82421875 0.935546875 0.828125 0.92578125 0.828125 0.9296875 0.8046875
2 0.904296875 0.771484375 0.908203125 0.779296875 0.91015625 0.79296875 0.9140625 0.798828125 0.9140625 0.8046875 0.919921875 0.822265625 0.91796875 0.8359375 0.91015625 0.8359375 0.90625 0.826171875 0.8984375 0.818359375 0.89453125 0.80859375 0.896484375 0.794921875 0.900390625 0.7890625 0.900390625 0.783203125 0.904296875 0.77734375 0.904296875 0.7734375
2 0.29296875 0.77734375 0.294921875 0.779296875 0.296875 0.796875 0.30078125 0.802734375 0.30078125 0.814453125 0.298828125 0.818359375 0.296875 0.8203125 0.287109375 0.8203125 0.28515625 0.818359375 0.28515625 0.80078125 0.291015625 0.7890625 0.291015625 0.779296875
2 0.234375 0.78125 0.244140625 0.80859375 0.244140625 0.8203125 0.2421875 0.822265625 0.23828125 0.8203125 0.23828125 0.814453125 0.234375 0.810546875 0.23046875 0.81640625 0.232421875 0.822265625 0.23046875 0.82421875 0.2265625 0.822265625 0.2265625 0.8046875 0.232421875 0.79296875 0.234375 0.783203125
2 0.3125 0.8125 0.31640625 0.8125 0.318359375 0.81640625 0.318359375 0.826171875 0.31640625 0.826171875 0.3125 0.8203125 0.3125 0.814453125
2 0.17578125 0.763671875 0.177734375 0.765625 0.177734375 0.775390625 0.181640625 0.7890625 0.181640625 0.802734375 0.18359375 0.8046875 0.17578125 0.81640625 0.17578125 0.82421875 0.169921875 0.818359375 0.169921875 0.794921875 0.171875 0.79296875 0.171875 0.78125 0.17578125 0.775390625 0.17578125 0.765625
2 0.724609375 0.791015625 0.7265625 0.791015625 0.7265625 0.796875 0.73046875 0.802734375 0.73046875 0.814453125 0.7265625 0.822265625 0.720703125 0.822265625 0.720703125 0.806640625 0.724609375 0.798828125 0.724609375 0.79296875
2 0.751953125 0.771484375 0.75390625 0.771484375 0.75390625 0.779296875 0.759765625 0.79296875 0.759765625 0.8046875 0.755859375 0.810546875 0.75390625 0.822265625 0.748046875 0.826171875 0.744140625 0.82421875 0.744140625 0.8203125 0.740234375 0.814453125 0.751953125 0.7734375
2 0.802734375 0.791015625 0.8046875 0.791015625 0.8046875 0.798828125 0.806640625 0.80078125 0.806640625 0.82421875 0.80078125 0.828125 0.796875 0.8203125 0.798828125 0.802734375 0.802734375 0.79296875
2 0.20703125 0.8046875 0.212890625 0.814453125 0.21484375 0.82421875 0.208984375 0.828125 0.19921875 0.822265625 0.19921875 0.814453125 0.205078125 0.806640625
2 0.779296875 0.724609375 0.779296875 0.736328125 0.783203125 0.7421875 0.78515625 0.765625 0.7890625 0.775390625 0.7890625 0.78515625 0.791015625 0.787109375 0.791015625 0.796875 0.794921875 0.810546875 0.791015625 0.814453125 0.78515625 0.80859375 0.78125 0.814453125 0.78125 0.818359375 0.775390625 0.822265625 0.76953125 0.818359375 0.763671875 0.802734375 0.763671875 0.79296875 0.767578125 0.783203125 0.767578125 0.771484375 0.7734375 0.75390625 0.77734375 0.7265625
1 0.325882353515625 0.6795918359375 0.35294117578125 0.740816326171875 0.358823529296875 0.742857142578125 0.391764705078125 0.7 0.3952941171875 0.6877551015625 0.365882353515625 0.62244898046875 0.3552941171875 0.632653060546875 0.325882353515625 0.6795918359375