2 0.084169884765625 0.316312056640625 0.101930501953125 0.38297872265625 0.105791505859375 0.38723404296875 0.125096525390625 0.306382978515625 0.08571428515625 0.303546099609375 0.08339768359375 0.3049645390625 0.084169884765625 0.316312056640625
2 0.84478764453125 0.014184396484375 0.841698841796875 0.014184396484375 0.820849419921875 0.08794326171875 0.820849419921875 0.103546099609375 0.867181466796875 0.10212766015625 0.84478764453125 0.014184396484375
1 0.333590734375 0.224113474609375 0.364478763671875 0.283687943359375 0.368339767578125 0.28226950390625 0.40154440234375 0.224113474609375 0.369884169921875 0.1546099296875 0.36293436328125 0.158865248046875 0.33204633203125 0.211347517578125 0.333590734375 0.224113474609375
2 0.505859375 0.7109375 0.5078125 0.7109375 0.5078125 0.71875 0.513671875 0.734375 0.509765625 0.759765625 0.5078125 0.76171875 0.494140625 0.759765625 0.49609375 0.7421875 0.505859375 0.712890625
2 0.92578125 0.71484375 0.931640625 0.736328125 0.931640625 0.74609375 0.935546875 0.755859375 0.935546875 0.765625 0.931640625 0.763671875 0.92578125 0.76953125 0.921875 0.765625 0.91796875 0.755859375 0.92578125 0.716796875
2 0.36328125 0.7421875 0.365234375 0.7421875 0.365234375 0.748046875 0.3671875 0.75 0.3671875 0.759765625 0.36328125 0.759765625 0.361328125 0.755859375 0.36328125 0.744140625
2 0.302734375 0.6796875 0.3046875 0.6796875 0.3046875 0.6875 0.310546875 0.708984375 0.310546875 0.71875 0.3125 0.720703125 0.3125 0.73046875 0.31640625 0.740234375 0.314453125 0.75390625 0.310546875 0.759765625 0.302734375 0.759765625 0.30078125 0.755859375 0.298828125 0.759765625 0.29296875 0.759765625 0.291015625 0.755859375 0.29296875 0.732421875 0.296875 0.72265625 0.296875 0.7109375 0.30078125 0.701171875 0.302734375 0.681640625
2 0.21484375 0.66015625 0.216796875 0.662109375 0.220703125 0.697265625 0.224609375 0.705078125 0.224609375 0.716796875 0.228515625 0.7265625 0.228515625 0.740234375 0.23046875 0.7421875 0.23046875 0.759765625 0.2265625 0.76171875 0.220703125 0.763671875 0.21875 0.76171875 0.216796875 0.751953125 0.212890625 0.74609375 0.208984375 0.748046875 0.205078125 0.755859375 0.201171875 0.755859375 0.203125 0.716796875 0.20703125 0.708984375 0.20703125 0.697265625 0.2109375 0.6875 0.2109375 0.677734375 0.212890625 0.67578125 0.21484375 0.662109375
2 0.890625 0.74609375 0.896484375 0.755859375 0.896484375 0.759765625 0.890625 0.759765625 0.888671875 0.755859375 0.890625 0.748046875
2 0.337890625 0.7109375 0.341796875 0.712890625 0.341796875 0.720703125 0.345703125 0.7265625 0.345703125 0.734375 0.3515625 0.75 0.349609375 0.759765625 0.34375 0.765625 0.337890625 0.759765625 0.333984375 0.759765625 0.328125 0.763671875 0.326171875 0.76171875 0.337890625 0.712890625
2 0.53125 0.662109375 0.533203125 0.6640625 0.533203125 0.67578125 0.537109375 0.685546875 0.537109375 0.6953125 0.541015625 0.705078125 0.541015625 0.716796875 0.54296875 0.71875 0.54296875 0.728515625 0.546875 0.7421875 0.546875 0.755859375 0.54296875 0.755859375 0.54296875 0.748046875 0.5390625 0.74609375 0.533203125 0.7578125 0.5234375 0.755859375 0.517578125 0.744140625 0.517578125 0.73046875 0.51953125 0.728515625 0.521484375 0.708984375 0.525390625 0.69921875 0.529296875 0.666015625 0.53125 0.6640625
2 0.265625 0.7109375 0.28125 0.755859375 0.275390625 0.75 0.26953125 0.759765625 0.259765625 0.759765625 0.255859375 0.751953125 0.255859375 0.736328125 0.259765625 0.73046875 0.263671875 0.712890625
2 0.8671875 0.701171875 0.869140625 0.701171875 0.869140625 0.708984375 0.873046875 0.716796875 0.873046875 0.728515625 0.876953125 0.736328125 0.876953125 0.74609375 0.87890625 0.748046875 0.87890625 0.755859375 0.875 0.76171875 0.869140625 0.76171875 0.8671875 0.759765625 0.85546875 0.76171875 0.85546875 0.75390625 0.857421875 0.751953125 0.857421875 0.744140625 0.861328125 0.734375 0.861328125 0.7265625 0.86328125 0.724609375 0.8671875 0.703125
2 0.681640625 0.740234375 0.68359375 0.759765625 0.6796875 0.759765625 0.6796875 0.7421875
2 0.62109375 0.6796875 0.623046875 0.697265625 0.626953125 0.70703125 0.626953125 0.71875 0.630859375 0.73046875 0.630859375 0.740234375 0.6328125 0.7421875 0.630859375 0.75390625 0.626953125 0.76171875 0.623046875 0.763671875 0.615234375 0.7578125 0.609375 0.763671875 0.60546875 0.759765625 0.609375 0.74609375 0.609375 0.734375 0.61328125 0.724609375 0.61328125 0.7109375 0.6171875 0.701171875 0.619140625 0.681640625
2 0.189453125 0.708984375 0.19140625 0.7109375 0.19140625 0.71875 0.1953125 0.724609375 0.1953125 0.73046875 0.19921875 0.736328125 0.19921875 0.7578125 0.197265625 0.755859375 0.189453125 0.76171875 0.185546875 0.76171875 0.185546875 0.740234375 0.18359375 0.736328125 0.185546875 0.734375 0.185546875 0.720703125 0.189453125 0.7109375
2 0.556640625 0.73046875 0.560546875 0.7421875 0.5625 0.759765625 0.5546875 0.765625 0.55078125 0.763671875 0.55078125 0.751953125 0.5546875 0.7421875 0.5546875 0.732421875
2 0.654296875 0.708984375 0.65625 0.708984375 0.666015625 0.7421875 0.666015625 0.7578125 0.6640625 0.76171875 0.658203125 0.759765625 0.646484375 0.763671875 0.642578125 0.76171875 0.646484375 0.740234375 0.654296875 0.71875 0.654296875 0.7109375
2 0.58203125 0.7109375 0.58984375 0.734375 0.595703125 0.7421875 0.59765625 0.755859375 0.599609375 0.7578125 0.595703125 0.763671875 0.58984375 0.759765625 0.58203125 0.759765625 0.580078125 0.751953125 0.576171875 0.75 0.572265625 0.759765625 0.5703125 0.76171875 0.568359375 0.759765625 0.568359375 0.748046875 0.58203125 0.712890625
2 0.23828125 0.73046875 0.240234375 0.73046875 0.2421875 0.74609375 0.24609375 0.751953125 0.244140625 0.76171875 0.23828125 0.763671875 0.234375 0.76171875 0.234375 0.75 0.23828125 0.740234375 0.23828125 0.732421875
2 0.48046875 0.728515625 0.484375 0.75390625 0.486328125 0.755859375 0.486328125 0.76171875 0.484375 0.763671875 0.48046875 0.759765625 0.48046875 0.75390625 0.4765625 0.748046875 0.4765625 0.73828125 0.48046875 0.73046875
0 0.107421875 0.2509765625 0.0673828125 0.1123046875
0 0.1318359375 0.6826171875 0.1171875 0.208984375
0 0.3154296875 0.4228515625 0.0595703125 0.0712890625
0 0.474609375 0.2216796875 0.064453125 0.06640625
0 0.6328125 0.03125 0.0634765625 0.0498046875
0 0.7958984375 0.1220703125 0.177734375 0.0615234375