0 0.1669921875 0.625 0.1640625 0.1884765625
0 0.0595703125 0.583984375 0.037109375 0.056640625
0 0.060546875 0.67578125 0.0341796875 0.0615234375
0 0.435546875 0.4619140625 0.0537109375 0.044921875
0 0.650390625 0.3681640625 0.05859375 0.0498046875
0 0.86328125 0.27734375 0.05859375 0.04296875
2 0.333984375 0.66796875 0.33984375 0.689453125 0.33984375 0.701171875 0.3359375 0.701171875 0.33203125 0.69140625 0.33203125 0.669921875
2 0.435546875 0.65234375 0.439453125 0.65234375 0.451171875 0.685546875 0.451171875 0.689453125 0.447265625 0.689453125 0.44140625 0.697265625 0.4296875 0.6953125 0.427734375 0.69140625 0.427734375 0.673828125 0.43359375 0.6640625 0.435546875 0.654296875
2 0.51171875 0.650390625 0.515625 0.654296875 0.525390625 0.689453125 0.525390625 0.697265625 0.517578125 0.703125 0.513671875 0.703125 0.5078125 0.69921875 0.501953125 0.701171875 0.5 0.69921875 0.5 0.6875 0.51171875 0.65234375
2 0.779296875 0.6796875 0.779296875 0.68359375 0.78515625 0.693359375 0.78515625 0.703125 0.783203125 0.705078125 0.7734375 0.69921875 0.779296875 0.681640625
2 0.41015625 0.66796875 0.4140625 0.671875 0.4140625 0.68359375 0.416015625 0.685546875 0.416015625 0.697265625 0.4140625 0.701171875 0.408203125 0.701171875 0.40625 0.69921875 0.40625 0.685546875 0.41015625 0.677734375 0.41015625 0.669921875
2 0.359375 0.6484375 0.36328125 0.65234375 0.36328125 0.66015625 0.369140625 0.677734375 0.36328125 0.69140625 0.36328125 0.697265625 0.359375 0.701171875 0.353515625 0.701171875 0.34765625 0.697265625 0.349609375 0.681640625 0.353515625 0.67578125 0.35546875 0.66015625 0.359375 0.65625 0.359375 0.650390625
2 0.74609375 0.681640625 0.748046875 0.6875 0.748046875 0.703125 0.744140625 0.703125 0.744140625 0.685546875 0.74609375 0.68359375
2 0.4765625 0.6171875 0.478515625 0.630859375 0.48046875 0.6328125 0.48046875 0.64453125 0.484375 0.65234375 0.484375 0.6640625 0.486328125 0.666015625 0.486328125 0.6875 0.482421875 0.69140625 0.48046875 0.69921875 0.474609375 0.693359375 0.466796875 0.701171875 0.462890625 0.701171875 0.462890625 0.685546875 0.46484375 0.68359375 0.46484375 0.673828125 0.46875 0.66796875 0.470703125 0.642578125 0.474609375 0.63671875 0.474609375 0.62109375 0.4765625 0.619140625
2 0.728515625 0.6796875 0.732421875 0.681640625 0.732421875 0.689453125 0.736328125 0.6953125 0.732421875 0.705078125 0.728515625 0.705078125 0.7265625 0.69921875 0.728515625 0.681640625
2 0.38671875 0.6015625 0.388671875 0.60546875 0.388671875 0.6171875 0.392578125 0.626953125 0.39453125 0.650390625 0.3984375 0.658203125 0.3984375 0.669921875 0.40234375 0.677734375 0.40234375 0.693359375 0.400390625 0.6953125 0.39453125 0.685546875 0.388671875 0.6953125 0.384765625 0.697265625 0.380859375 0.693359375 0.376953125 0.6953125 0.373046875 0.6875 0.373046875 0.66015625 0.376953125 0.654296875 0.37890625 0.62890625 0.3828125 0.62109375 0.384765625 0.603515625
1 0.349411765625 0.251020408203125 0.330588234375 0.31020408203125 0.328235294921875 0.330612244140625 0.37294117578125 0.367346939453125 0.394117646484375 0.2877551015625 0.349411765625 0.251020408203125