2 0.542857142578125 0.358865248046875 0.542857142578125 0.37730496484375 0.587644787109375 0.375886525390625 0.563706564453125 0.28794326171875 0.542857142578125 0.358865248046875
2 0.511969111328125 0.28794326171875 0.49111969140625 0.35744680859375 0.488030888671875 0.37730496484375 0.492664091796875 0.38014184375 0.535135134765625 0.375886525390625 0.511969111328125 0.28794326171875
2 0.616216216796875 0.289361701171875 0.60154440234375 0.34042553125 0.59613899609375 0.375886525390625 0.6386100390625 0.375886525390625 0.630115830078125 0.330496453125 0.616216216796875 0.289361701171875
2 0.66795366796875 0.289361701171875 0.6540540546875 0.341843970703125 0.647104248046875 0.375886525390625 0.694208494140625 0.3744680859375 0.671042470703125 0.28794326171875 0.66795366796875 0.289361701171875
2 0.891891892578125 0.343262412109375 0.886486486328125 0.368794326171875 0.92432432421875 0.368794326171875 0.9050193046875 0.300709220703125 0.891891892578125 0.343262412109375
2 0.955984556640625 0.320567375 0.9513513515625 0.339007091796875 0.9513513515625 0.348936169921875 0.9667953671875 0.34751773046875 0.959845560546875 0.319148935546875 0.955984556640625 0.320567375
2 0.136679537109375 0.82695035546875 0.132818533203125 0.829787234375 0.1305019296875 0.841134751953125 0.140540541015625 0.853900708984375 0.14208494140625 0.84255319140625 0.136679537109375 0.82695035546875
2 0.090347490234375 0.82695035546875 0.0872586875 0.829787234375 0.08185328125 0.853900708984375 0.088030888671875 0.856737587890625 0.09343629296875 0.838297873046875 0.090347490234375 0.82695035546875
1 0.399227798828125 0.299290779296875 0.35521235546875 0.256737587890625 0.33436293359375 0.3347517734375 0.335135134765625 0.343262412109375 0.3768339765625 0.38014184375 0.38069498046875 0.375886525390625 0.399227798828125 0.299290779296875
0 0.6416015625 0.625 0.4853515625 0.5
0 0.9072265625 0.431640625 0.0546875 0.0810546875
0 0.9072265625 0.52734375 0.0458984375 0.0810546875
0 0.908203125 0.6279296875 0.0517578125 0.0673828125
0 0.90625 0.7177734375 0.041015625 0.0849609375
0 0.9072265625 0.8193359375 0.0478515625 0.0859375
0 0.958984375 0.431640625 0.0234375 0.0556640625
0 0.958984375 0.5302734375 0.025390625 0.0390625
0 0.958984375 0.6298828125 0.02734375 0.03515625
0 0.9609375 0.71875 0.0302734375 0.0546875