0 0.1748046875 0.265625 0.32421875 0.0927734375
0 0.736328125 0.5849609375 0.0615234375 0.095703125
2 0.950588234375 0.628571427734375 0.9247058828125 0.7122448984375 0.974117646484375 0.71428571484375 0.96705882421875 0.68163265234375 0.950588234375 0.628571427734375
2 0.7352941171875 0.444897958984375 0.71294117578125 0.526530611328125 0.75764705859375 0.530612244140625 0.756470587890625 0.5122448984375 0.7352941171875 0.444897958984375
2 0.46705882421875 0.628571427734375 0.443529412109375 0.7122448984375 0.491764705078125 0.71428571484375 0.491764705078125 0.7040816328125 0.46705882421875 0.628571427734375
2 0.283529412109375 0.31428571484375 0.305882353515625 0.3959183671875 0.329411765625 0.324489796875 0.32705882421875 0.31428571484375 0.283529412109375 0.31428571484375
2 0.231764705078125 0.3204081640625 0.2552941171875 0.3959183671875 0.276470587890625 0.3122448984375 0.23764705859375 0.3122448984375 0.231764705078125 0.3204081640625
2 0.17764705859375 0.3122448984375 0.2 0.39795918359375 0.22235294140625 0.3122448984375 0.17764705859375 0.3122448984375
2 0.123529412109375 0.31428571484375 0.14705882421875 0.3959183671875 0.169411765625 0.3204081640625 0.168235294921875 0.3122448984375 0.123529412109375 0.31428571484375
2 0.09294117578125 0.3959183671875 0.116470587890625 0.3122448984375 0.071764705078125 0.3122448984375 0.09294117578125 0.3959183671875
2 0.016470587890625 0.3122448984375 0.03764705859375 0.39387755078125 0.058823529296875 0.332653060546875 0.061176470703125 0.3122448984375 0.016470587890625 0.3122448984375
1 0.614117646484375 0.628571427734375 0.61294117578125 0.71020408203125 0.665882353515625 0.7122448984375 0.6647058828125 0.628571427734375 0.614117646484375 0.628571427734375