2 0.163706564453125 0.663829787109375 0.14362934375 0.58297872265625 0.140540541015625 0.581560283203125 0.136679537109375 0.591489361328125 0.11891891796875 0.656737587890625 0.11891891796875 0.6652482265625 0.163706564453125 0.663829787109375
1 0.332818533203125 0.42695035546875 0.359073359375 0.50212766015625 0.4 0.4553191484375 0.39459459375 0.428368794921875 0.376061775390625 0.375886525390625 0.37297297265625 0.3744680859375 0.33436293359375 0.418439716796875 0.332818533203125 0.42695035546875
2 0.955078125 0.78125 0.955078125 0.787109375 0.958984375 0.794921875 0.958984375 0.806640625 0.962890625 0.814453125 0.962890625 0.8203125 0.958984375 0.828125 0.95703125 0.830078125 0.953125 0.826171875 0.953125 0.81640625 0.94921875 0.8125 0.94921875 0.8046875 0.953125 0.796875 0.953125 0.783203125
2 0.669921875 0.79296875 0.673828125 0.794921875 0.68359375 0.82421875 0.677734375 0.837890625 0.673828125 0.83984375 0.666015625 0.83984375 0.662109375 0.833984375 0.662109375 0.818359375 0.666015625 0.8125 0.666015625 0.8046875 0.669921875 0.794921875
2 0.62109375 0.7421875 0.623046875 0.7421875 0.623046875 0.75390625 0.626953125 0.763671875 0.626953125 0.775390625 0.62890625 0.77734375 0.6328125 0.810546875 0.63671875 0.822265625 0.63671875 0.833984375 0.634765625 0.8359375 0.6328125 0.8359375 0.6328125 0.830078125 0.630859375 0.828125 0.626953125 0.830078125 0.626953125 0.833984375 0.623046875 0.83984375 0.61328125 0.837890625 0.609375 0.833984375 0.609375 0.822265625 0.607421875 0.8203125 0.609375 0.798828125 0.61328125 0.7890625 0.61328125 0.77734375 0.615234375 0.775390625 0.615234375 0.767578125 0.6171875 0.765625 0.62109375 0.744140625
2 0.201171875 0.810546875 0.201171875 0.81640625 0.205078125 0.826171875 0.205078125 0.83984375 0.203125 0.837890625 0.197265625 0.84375 0.1953125 0.837890625 0.197265625 0.8203125 0.201171875 0.8125
2 0.376953125 0.7890625 0.37890625 0.802734375 0.3828125 0.80859375 0.3828125 0.81640625 0.38671875 0.82421875 0.38671875 0.833984375 0.388671875 0.8359375 0.38671875 0.841796875 0.380859375 0.845703125 0.376953125 0.845703125 0.375 0.84375 0.369140625 0.84375 0.36328125 0.837890625 0.369140625 0.818359375 0.369140625 0.810546875 0.373046875 0.8046875 0.375 0.791015625
2 0.5703125 0.80859375 0.5703125 0.81640625 0.57421875 0.82421875 0.57421875 0.83984375 0.568359375 0.841796875 0.564453125 0.83203125 0.568359375 0.8203125 0.568359375 0.810546875
2 0.94921875 0.810546875 0.955078125 0.8359375 0.953125 0.83984375 0.94140625 0.837890625 0.9453125 0.828125 0.9453125 0.8203125 0.94921875 0.8125
2 0.90625 0.771484375 0.91015625 0.779296875 0.91015625 0.791015625 0.9140625 0.802734375 0.9140625 0.814453125 0.91015625 0.8203125 0.908203125 0.8203125 0.91015625 0.818359375 0.908203125 0.81640625 0.900390625 0.8125 0.900390625 0.796875 0.904296875 0.791015625 0.904296875 0.77734375 0.90625 0.7734375
2 0.646484375 0.810546875 0.6484375 0.814453125 0.6484375 0.826171875 0.650390625 0.828125 0.650390625 0.841796875 0.6484375 0.84375 0.640625 0.84375 0.638671875 0.837890625 0.642578125 0.828125 0.64453125 0.8125
2 0.2265625 0.7890625 0.234375 0.814453125 0.234375 0.8359375 0.228515625 0.84375 0.22265625 0.84375 0.220703125 0.84765625 0.21484375 0.84375 0.21484375 0.828125 0.2265625 0.791015625
2 0.89453125 0.796875 0.896484375 0.806640625 0.90234375 0.814453125 0.90234375 0.833984375 0.900390625 0.837890625 0.88671875 0.837890625 0.884765625 0.833984375 0.88671875 0.830078125 0.88671875 0.81640625 0.890625 0.810546875 0.892578125 0.798828125
2 0.87890625 0.80859375 0.880859375 0.80859375 0.880859375 0.81640625 0.884765625 0.82421875 0.8828125 0.833984375 0.880859375 0.830078125 0.875 0.828125 0.876953125 0.826171875 0.876953125 0.814453125 0.87890625 0.810546875
2 0.708984375 0.7578125 0.7109375 0.7578125 0.716796875 0.798828125 0.71875 0.80078125 0.71875 0.8125 0.72265625 0.82421875 0.72265625 0.837890625 0.716796875 0.837890625 0.716796875 0.833984375 0.712890625 0.828125 0.712890625 0.8203125 0.708984375 0.818359375 0.70703125 0.8203125 0.70703125 0.830078125 0.703125 0.841796875 0.697265625 0.841796875 0.69921875 0.814453125 0.701171875 0.8125 0.701171875 0.802734375 0.705078125 0.791015625 0.705078125 0.78125 0.708984375 0.771484375 0.708984375 0.759765625
2 0.251953125 0.740234375 0.25390625 0.744140625 0.25390625 0.755859375 0.2578125 0.765625 0.2578125 0.775390625 0.26171875 0.78515625 0.265625 0.818359375 0.26953125 0.830078125 0.267578125 0.84375 0.259765625 0.84375 0.255859375 0.837890625 0.251953125 0.841796875 0.248046875 0.837890625 0.248046875 0.83203125 0.244140625 0.828125 0.23828125 0.837890625 0.236328125 0.83203125 0.236328125 0.818359375 0.240234375 0.810546875 0.240234375 0.794921875 0.244140625 0.787109375 0.248046875 0.75390625 0.251953125 0.7421875
2 0.98828125 0.814453125 0.990234375 0.833984375 0.98828125 0.8359375 0.984375 0.83203125 0.986328125 0.81640625
2 0.93359375 0.798828125 0.935546875 0.798828125 0.935546875 0.802734375 0.943359375 0.818359375 0.943359375 0.826171875 0.939453125 0.830078125 0.935546875 0.830078125 0.927734375 0.82421875 0.927734375 0.8125 0.93359375 0.80078125
2 0.974609375 0.796875 0.98046875 0.814453125 0.982421875 0.833984375 0.970703125 0.8359375 0.966796875 0.833984375 0.96484375 0.828125 0.970703125 0.8125 0.97265625 0.798828125
2 0.595703125 0.7890625 0.599609375 0.798828125 0.599609375 0.806640625 0.603515625 0.814453125 0.603515625 0.82421875 0.599609375 0.830078125 0.59765625 0.83984375 0.591796875 0.845703125 0.5859375 0.845703125 0.583984375 0.84375 0.583984375 0.830078125 0.587890625 0.822265625 0.587890625 0.814453125 0.595703125 0.791015625
2 0.74609375 0.791015625 0.748046875 0.79296875 0.748046875 0.802734375 0.751953125 0.80859375 0.751953125 0.81640625 0.7578125 0.830078125 0.755859375 0.841796875 0.748046875 0.84375 0.7421875 0.8359375 0.73828125 0.8359375 0.736328125 0.830078125 0.73828125 0.8125 0.7421875 0.8046875 0.744140625 0.79296875
2 0.341796875 0.7578125 0.341796875 0.767578125 0.34375 0.76953125 0.345703125 0.791015625 0.349609375 0.80078125 0.349609375 0.814453125 0.3515625 0.81640625 0.3515625 0.828125 0.345703125 0.833984375 0.345703125 0.841796875 0.341796875 0.841796875 0.33984375 0.837890625 0.333984375 0.841796875 0.330078125 0.841796875 0.330078125 0.814453125 0.33203125 0.8125 0.33203125 0.80078125 0.333984375 0.798828125 0.333984375 0.7890625 0.3359375 0.787109375 0.33984375 0.759765625
2 0.30078125 0.794921875 0.3046875 0.794921875 0.3046875 0.80078125 0.30859375 0.8046875 0.310546875 0.8203125 0.3125 0.822265625 0.310546875 0.8359375 0.3046875 0.841796875 0.298828125 0.830078125 0.294921875 0.830078125 0.29296875 0.833984375 0.29296875 0.814453125 0.30078125 0.796875
0 0.51171875 0.5966796875 0.0595703125 0.0654296875
0 0.7236328125 0.4990234375 0.06640625 0.0498046875
0 0.935546875 0.40625 0.05078125 0.0341796875
0 0.037109375 0.6904296875 0.0234375 0.0302734375
0 0.087890625 0.697265625 0.0439453125 0.0556640625
0 0.110535134765625 0.66008226953125 0.1167127421875 0.73622411328125 0.257032431640625 0.729744681640625 0.26938764453125 0.8804099296875 0.334694208984375 0.877168794921875 0.33292895703125 0.647121986328125 0.110535134765625 0.66008226953125