1 0.632432431640625 0.116312056640625 0.62702702734375 0.1148936171875 0.599227798828125 0.181560283203125 0.599227798828125 0.188652482421875 0.637837837890625 0.24255319140625 0.668725869140625 0.17304964453125 0.668725869140625 0.16737588671875 0.64478764453125 0.133333333984375 0.632432431640625 0.116312056640625
2 0.578125 0.94921875 0.580078125 0.94921875 0.580078125 0.95703125 0.583984375 0.96875 0.583984375 0.984375 0.578125 0.984375 0.57421875 0.98046875 0.57421875 0.966796875 0.576171875 0.96484375 0.578125 0.951171875
2 0.3203125 0.921875 0.322265625 0.923828125 0.322265625 0.935546875 0.326171875 0.943359375 0.326171875 0.951171875 0.330078125 0.9609375 0.330078125 0.974609375 0.33203125 0.9765625 0.330078125 0.984375 0.32421875 0.984375 0.3203125 0.98828125 0.30859375 0.9765625 0.30859375 0.96875 0.3125 0.9609375 0.3125 0.951171875 0.31640625 0.94140625 0.318359375 0.923828125
2 0.669921875 0.935546875 0.671875 0.947265625 0.67578125 0.955078125 0.67578125 0.96875 0.677734375 0.970703125 0.677734375 0.978515625 0.669921875 0.984375 0.6640625 0.974609375 0.6640625 0.958984375 0.669921875 0.9375
2 0.62890625 0.9296875 0.630859375 0.94140625 0.634765625 0.947265625 0.638671875 0.96875 0.642578125 0.974609375 0.642578125 0.98046875 0.63671875 0.986328125 0.62890625 0.984375 0.625 0.978515625 0.623046875 0.951171875 0.62890625 0.931640625
2 0.26171875 0.935546875 0.263671875 0.9375 0.265625 0.9609375 0.26953125 0.970703125 0.26953125 0.98046875 0.265625 0.986328125 0.259765625 0.982421875 0.255859375 0.982421875 0.25390625 0.978515625 0.25390625 0.970703125 0.2578125 0.962890625 0.2578125 0.951171875 0.26171875 0.9375
2 0.513671875 0.900390625 0.517578125 0.908203125 0.517578125 0.919921875 0.521484375 0.9296875 0.521484375 0.939453125 0.5234375 0.94140625 0.5234375 0.951171875 0.52734375 0.96484375 0.52734375 0.984375 0.51953125 0.982421875 0.517578125 0.978515625 0.513671875 0.982421875 0.509765625 0.978515625 0.509765625 0.974609375 0.50390625 0.970703125 0.50390625 0.955078125 0.505859375 0.953125 0.5078125 0.9296875 0.51171875 0.919921875 0.513671875 0.90234375
2 0.478515625 0.9296875 0.4921875 0.974609375 0.4921875 0.98046875 0.48828125 0.984375 0.482421875 0.984375 0.478515625 0.98828125 0.474609375 0.98828125 0.466796875 0.98046875 0.466796875 0.970703125 0.470703125 0.962890625 0.470703125 0.95703125 0.474609375 0.94921875 0.478515625 0.931640625
2 0.7265625 0.939453125 0.73828125 0.98046875 0.736328125 0.984375 0.73046875 0.98046875 0.724609375 0.984375 0.71875 0.982421875 0.71875 0.96484375 0.72265625 0.958984375 0.72265625 0.951171875 0.7265625 0.94140625
2 0.603515625 0.880859375 0.611328125 0.92578125 0.61328125 0.927734375 0.61328125 0.9375 0.6171875 0.94921875 0.6171875 0.966796875 0.611328125 0.978515625 0.603515625 0.978515625 0.59765625 0.96875 0.591796875 0.970703125 0.591796875 0.9765625 0.58984375 0.978515625 0.587890625 0.974609375 0.58984375 0.953125 0.59375 0.94140625 0.59375 0.9296875 0.59765625 0.921875 0.599609375 0.89453125 0.603515625 0.8828125
2 0.78515625 0.923828125 0.791015625 0.96484375 0.79296875 0.966796875 0.79296875 0.982421875 0.794921875 0.984375 0.791015625 0.984375 0.787109375 0.98046875 0.78515625 0.982421875 0.779296875 0.9609375 0.783203125 0.92578125
2 0.8046875 0.94921875 0.806640625 0.94921875 0.80859375 0.970703125 0.810546875 0.97265625 0.810546875 0.98046875 0.806640625 0.984375 0.80078125 0.984375 0.80078125 0.970703125 0.802734375 0.96875 0.8046875 0.951171875
2 0.552734375 0.93359375 0.5546875 0.93359375 0.560546875 0.953125 0.564453125 0.958984375 0.560546875 0.978515625 0.552734375 0.98046875 0.546875 0.9765625 0.54296875 0.96875 0.54296875 0.958984375 0.552734375 0.935546875
2 0.6953125 0.890625 0.697265625 0.89453125 0.697265625 0.908203125 0.701171875 0.91796875 0.705078125 0.95703125 0.70703125 0.958984375 0.705078125 0.984375 0.69140625 0.982421875 0.6875 0.986328125 0.68359375 0.982421875 0.68359375 0.962890625 0.685546875 0.9609375 0.685546875 0.94921875 0.6875 0.947265625 0.6953125 0.892578125
2 0.654296875 0.951171875 0.65625 0.951171875 0.658203125 0.95703125 0.66015625 0.974609375 0.65625 0.984375 0.65234375 0.982421875 0.6484375 0.984375 0.646484375 0.982421875 0.6484375 0.97265625 0.65234375 0.966796875 0.654296875 0.953125
0 0.927734375 0.5439453125 0.0439453125 0.044921875
0 0.7158203125 0.4404296875 0.06640625 0.06640625
0 0.5029296875 0.3505859375 0.0751953125 0.060546875
0 0.0810546875 0.4736328125 0.04296875 0.08203125
0 0.08203125 0.5693359375 0.041015625 0.0810546875
0 0.0810546875 0.6630859375 0.0400390625 0.0810546875
0 0.08203125 0.763671875 0.0439453125 0.080078125
0 0.0810546875 0.865234375 0.0439453125 0.076171875
0 0.0810546875 0.955078125 0.0439453125 0.07421875
0 0.096084169921875 0.998581560546875 0.2222833984375 0.998581560546875 0.2240486484375 0.54019858203125 0.325537451171875 0.536957447265625 0.329950580078125 0.405733333984375 0.10204092578125 0.415805673828125 0.096084169921875 0.998581560546875