2 0.73828125 0.6484375 0.740234375 0.6484375 0.7421875 0.654296875 0.7421875 0.662109375 0.744140625 0.6640625 0.744140625 0.671875 0.748046875 0.6796875 0.748046875 0.69140625 0.75 0.693359375 0.748046875 0.70703125 0.734375 0.705078125 0.728515625 0.6953125 0.73828125 0.650390625
2 0.038823529296875 0.691836734375 0.03764705859375 0.7040816328125 0.061176470703125 0.7040816328125 0.050588234375 0.661224490234375 0.038823529296875 0.691836734375
2 0.0847058828125 0.68571428515625 0.07764705859375 0.72244898046875 0.12235294140625 0.7204081640625 0.098823529296875 0.642857142578125 0.0847058828125 0.68571428515625
2 0.336470587890625 0.638775509765625 0.32235294140625 0.68571428515625 0.314117646484375 0.72244898046875 0.363529412109375 0.72244898046875 0.34 0.638775509765625 0.336470587890625 0.638775509765625
2 0.38 0.67755101953125 0.369411765625 0.7204081640625 0.414117646484375 0.71836734765625 0.39294117578125 0.640816326171875 0.38 0.67755101953125
2 0.5247058828125 0.68979591796875 0.52235294140625 0.70612244921875 0.525882353515625 0.71428571484375 0.531764705078125 0.70204081640625 0.5247058828125 0.68979591796875
2 0.574117646484375 0.68979591796875 0.568235294921875 0.708163265625 0.58 0.71428571484375 0.58235294140625 0.70204081640625 0.574117646484375 0.68979591796875
2 0.796470587890625 0.661224490234375 0.788235294921875 0.6959183671875 0.7952941171875 0.71020408203125 0.805882353515625 0.70204081640625 0.796470587890625 0.661224490234375
0 0.443529412109375 0.626530611328125 0.42 0.634693876953125 0.42 0.7204081640625 0.471764705078125 0.7204081640625 0.471764705078125 0.634693876953125 0.443529412109375 0.626530611328125
0 0.66015625 0.626953125 0.0556640625 0.1630859375
0 0.8740234375 0.576171875 0.0556640625 0.25390625
1 0.348235294921875 0.434693876953125 0.328235294921875 0.508163265625 0.328235294921875 0.51836734765625 0.37294117578125 0.551020408203125 0.394117646484375 0.469387755859375 0.348235294921875 0.434693876953125