2 0.875 0.67578125 0.875 0.68359375 0.87890625 0.693359375 0.876953125 0.697265625 0.87109375 0.697265625 0.873046875 0.6796875 0.875 0.677734375
2 0.763671875 0.140625 0.767578125 0.140625 0.76953125 0.14453125 0.779296875 0.150390625 0.810546875 0.181640625 0.787109375 0.20703125 0.779296875 0.2109375 0.775390625 0.216796875 0.763671875 0.224609375 0.76171875 0.22265625 0.763671875 0.216796875 0.763671875 0.142578125
2 0.732421875 0.623046875 0.736328125 0.626953125 0.7421875 0.654296875 0.74609375 0.658203125 0.74609375 0.671875 0.75 0.6796875 0.75 0.6875 0.75390625 0.693359375 0.75390625 0.703125 0.755859375 0.705078125 0.755859375 0.708984375 0.7109375 0.708984375 0.71484375 0.685546875 0.71875 0.6796875 0.71875 0.671875 0.72265625 0.6640625 0.72265625 0.658203125 0.7265625 0.65234375 0.7265625 0.64453125 0.73046875 0.63671875 0.732421875 0.625
2 0.6796875 0.623046875 0.68359375 0.623046875 0.68359375 0.6328125 0.6875 0.640625 0.6875 0.646484375 0.69140625 0.65234375 0.69140625 0.662109375 0.6953125 0.66796875 0.697265625 0.68359375 0.701171875 0.689453125 0.701171875 0.697265625 0.705078125 0.703125 0.703125 0.708984375 0.66015625 0.708984375 0.658203125 0.70703125 0.66015625 0.6953125 0.6640625 0.6875 0.666015625 0.669921875 0.669921875 0.662109375 0.669921875 0.654296875 0.673828125 0.6484375 0.673828125 0.642578125 0.6796875 0.625
2 0.763671875 0.236328125 0.779296875 0.25 0.787109375 0.25390625 0.810546875 0.279296875 0.78515625 0.3046875 0.763671875 0.3203125 0.763671875 0.3125 0.76171875 0.310546875 0.763671875 0.3046875 0.763671875 0.271484375 0.76171875 0.26953125 0.763671875 0.265625 0.763671875 0.23828125
2 0.83984375 0.673828125 0.845703125 0.68359375 0.845703125 0.69140625 0.84375 0.693359375 0.8359375 0.693359375 0.8359375 0.685546875 0.83984375 0.6796875 0.83984375 0.67578125
2 0.3125 0.62109375 0.314453125 0.623046875 0.318359375 0.646484375 0.322265625 0.65234375 0.322265625 0.658203125 0.326171875 0.666015625 0.326171875 0.671875 0.330078125 0.677734375 0.330078125 0.689453125 0.3359375 0.70703125 0.333984375 0.708984375 0.2890625 0.708984375 0.291015625 0.693359375 0.294921875 0.6875 0.294921875 0.677734375 0.298828125 0.669921875 0.30078125 0.654296875 0.310546875 0.623046875
2 0.888671875 0.673828125 0.890625 0.673828125 0.892578125 0.6796875 0.890625 0.693359375 0.88671875 0.6953125 0.884765625 0.693359375 0.884765625 0.685546875 0.888671875 0.6796875 0.888671875 0.67578125
2 0.259765625 0.62109375 0.265625 0.638671875 0.265625 0.646484375 0.26953125 0.654296875 0.26953125 0.662109375 0.2734375 0.66796875 0.2734375 0.677734375 0.27734375 0.685546875 0.27734375 0.69140625 0.28125 0.697265625 0.28125 0.708984375 0.234375 0.708984375 0.234375 0.705078125 0.23828125 0.69921875 0.23828125 0.69140625 0.2421875 0.68359375 0.2421875 0.673828125 0.24609375 0.66796875 0.25 0.6484375 0.25390625 0.64453125 0.2578125 0.623046875
2 0.626953125 0.623046875 0.62890625 0.623046875 0.630859375 0.6328125 0.634765625 0.638671875 0.634765625 0.6484375 0.638671875 0.654296875 0.638671875 0.662109375 0.65234375 0.703125 0.650390625 0.708984375 0.60546875 0.708984375 0.603515625 0.70703125 0.607421875 0.69921875 0.607421875 0.693359375 0.611328125 0.6875 0.611328125 0.6796875 0.615234375 0.671875 0.615234375 0.666015625 0.626953125 0.625
2 0.0478515625 0.595703125 0.0517578125 0.0908203125
1 0.6328125 0.36328125 0.052734375 0.0908203125
0 0.947265625 0.5595703125 0.0615234375 0.2880859375
0 0.7900390625 0.66796875 0.0625 0.126953125
0 0.7353515625 0.234375 0.0654296875 0.2255859375
0 0.048828125 0.6806640625 0.0615234375 0.091796875