0 0.3330078125 0.6376953125 0.052734375 0.26171875
0 0.548828125 0.685546875 0.05078125 0.1826171875
0 0.763671875 0.736328125 0.056640625 0.087890625
0 0.923828125 0.7353515625 0.041015625 0.078125
0 0.9775390625 0.708984375 0.021484375 0.0244140625
2 0.923529412109375 0.6122448984375 0.90705882421875 0.671428572265625 0.941176470703125 0.673469388671875 0.93764705859375 0.651020408203125 0.923529412109375 0.6122448984375
2 0.671764705078125 0.753061224609375 0.68235294140625 0.763265306640625 0.69764705859375 0.757142857421875 0.68705882421875 0.7 0.671764705078125 0.753061224609375
2 0.62705882421875 0.71428571484375 0.61764705859375 0.757142857421875 0.630588234375 0.765306123046875 0.6352941171875 0.751020408203125 0.62705882421875 0.71428571484375
2 0.50235294140625 0.7 0.494117646484375 0.744897958984375 0.505882353515625 0.761224490234375 0.51294117578125 0.753061224609375 0.511764705078125 0.742857142578125 0.50235294140625 0.7
2 0.4647058828125 0.759183673828125 0.48235294140625 0.761224490234375 0.4752941171875 0.744897958984375 0.4647058828125 0.759183673828125
2 0.443529412109375 0.71836734765625 0.434117646484375 0.755102041015625 0.44 0.759183673828125 0.441176470703125 0.751020408203125 0.44705882421875 0.751020408203125 0.450588234375 0.761224490234375 0.454117646484375 0.746938775390625 0.443529412109375 0.71836734765625
2 0.411764705078125 0.671428572265625 0.4 0.757142857421875 0.42235294140625 0.761224490234375 0.42705882421875 0.757142857421875 0.425882353515625 0.742857142578125 0.411764705078125 0.671428572265625
2 0.37764705859375 0.753061224609375 0.38 0.761224490234375 0.389411765625 0.753061224609375 0.3952941171875 0.757142857421875 0.388235294921875 0.71428571484375 0.37764705859375 0.753061224609375
2 0.148235294921875 0.7 0.136470587890625 0.755102041015625 0.16 0.761224490234375 0.16235294140625 0.755102041015625 0.151764705078125 0.7040816328125 0.148235294921875 0.7
2 0.089411765625 0.71632653125 0.08235294140625 0.753061224609375 0.0847058828125 0.775510203125 0.09294117578125 0.775510203125 0.1 0.757142857421875 0.09294117578125 0.71836734765625 0.089411765625 0.71632653125
2 0.065882353515625 0.753061224609375 0.069411765625 0.765306123046875 0.0752941171875 0.765306123046875 0.07294117578125 0.740816326171875 0.065882353515625 0.753061224609375
1 0.618823529296875 0.38571428515625 0.610588234375 0.473469388671875 0.661176470703125 0.48571428515625 0.66705882421875 0.39795918359375 0.618823529296875 0.38571428515625