1 0.655598455078125 0.119148935546875 0.60617760546875 0.12765957421875 0.61158301171875 0.21985815625 0.659459458984375 0.21276595703125 0.66023166015625 0.1843971640625 0.655598455078125 0.119148935546875
2 1 0.788652482421875 0.989189189453125 0.771631205078125 0.9822393828125 0.765957447265625 0.964478763671875 0.79716312109375 1 0.798581560546875 1 0.788652482421875
2 0.92972973046875 0.7645390078125 0.9104247109375 0.798581560546875 0.950579150390625 0.798581560546875 0.946718146484375 0.788652482421875 0.92972973046875 0.7645390078125
2 0.876447876953125 0.7645390078125 0.85791505859375 0.795744681640625 0.898069498046875 0.798581560546875 0.8949806953125 0.788652482421875 0.876447876953125 0.7645390078125
2 0.823938224609375 0.7645390078125 0.804633205078125 0.79716312109375 0.845559845703125 0.79716312109375 0.8386100390625 0.78297872265625 0.823938224609375 0.7645390078125
2 0.772200771484375 0.7645390078125 0.752123552734375 0.79716312109375 0.793050193359375 0.79716312109375 0.789189189453125 0.788652482421875 0.772200771484375 0.7645390078125
2 0.72432432421875 0.76737588671875 0.717374517578125 0.7645390078125 0.69884169921875 0.795744681640625 0.7382239375 0.798581560546875 0.740540541015625 0.79716312109375 0.738996138671875 0.791489361328125 0.72432432421875 0.76737588671875
2 0.6694980703125 0.7645390078125 0.664864865234375 0.7645390078125 0.647104248046875 0.795744681640625 0.686486486328125 0.79716312109375 0.686486486328125 0.79290780078125 0.6694980703125 0.7645390078125
2 0.581467181640625 0.519148935546875 0.53745173828125 0.5602836875 0.583783783203125 0.601418439453125 0.584555984375 0.520567375 0.581467181640625 0.519148935546875
2 0.581467181640625 0.6156028359375 0.53745173828125 0.656737587890625 0.577606177734375 0.6950354609375 0.585328185546875 0.696453900390625 0.585328185546875 0.618439716796875 0.581467181640625 0.6156028359375
2 0.5382239375 0.7546099296875 0.583011583984375 0.79290780078125 0.585328185546875 0.788652482421875 0.584555984375 0.713475177734375 0.5382239375 0.7546099296875
2 0.282625482421875 0.33758865234375 0.2640926640625 0.326241134765625 0.2640926640625 0.40709219921875 0.284169884765625 0.39290780078125 0.3104247109375 0.3645390078125 0.282625482421875 0.33758865234375
2 0.264864865234375 0.424113474609375 0.267181466796875 0.441134751953125 0.26563706640625 0.45957446875 0.2694980703125 0.46241134765625 0.26563706640625 0.47234042578125 0.26563706640625 0.500709220703125 0.30888030859375 0.466666666015625 0.3104247109375 0.46241134765625 0.308108107421875 0.45957446875 0.264864865234375 0.424113474609375
2 0.268725869140625 0.520567375 0.263320462890625 0.520567375 0.263320462890625 0.601418439453125 0.311196912109375 0.5602836875 0.308108107421875 0.556028369140625 0.268725869140625 0.520567375
2 0.088803087890625 0.71205673828125 0.08571428515625 0.709219857421875 0.06254826171875 0.79716312109375 0.10656370703125 0.798581560546875 0.109652509765625 0.79716312109375 0.10888030859375 0.788652482421875 0.088803087890625 0.71205673828125
2 0.0332046328125 0.709219857421875 0.010038609375 0.795744681640625 0.055598455078125 0.798581560546875 0.05637065625 0.788652482421875 0.0332046328125 0.709219857421875
0 0.6142578125 0.654296875 0.0615234375 0.298828125
0 0.2333984375 0.46484375 0.0595703125 0.3056640625