2 0.8515625 0.650390625 0.857421875 0.662109375 0.859375 0.671875 0.86328125 0.67578125 0.865234375 0.6875 0.869140625 0.693359375 0.869140625 0.69921875 0.86328125 0.69921875 0.859375 0.693359375 0.8515625 0.69921875 0.845703125 0.6953125 0.841796875 0.701171875 0.837890625 0.69921875 0.837890625 0.681640625 0.841796875 0.677734375 0.841796875 0.671875 0.845703125 0.666015625 0.849609375 0.65234375
2 0.6015625 0.65234375 0.603515625 0.666015625 0.60546875 0.66796875 0.60546875 0.677734375 0.609375 0.6875 0.609375 0.701171875 0.60546875 0.701171875 0.603515625 0.6953125 0.59765625 0.697265625 0.595703125 0.69140625 0.595703125 0.669921875 0.59765625 0.66796875 0.599609375 0.654296875
2 0.80078125 0.599609375 0.80078125 0.60546875 0.8046875 0.61328125 0.8046875 0.623046875 0.806640625 0.625 0.806640625 0.638671875 0.810546875 0.646484375 0.8125 0.66796875 0.81640625 0.67578125 0.81640625 0.69140625 0.814453125 0.693359375 0.80859375 0.6875 0.8046875 0.6953125 0.80078125 0.697265625 0.798828125 0.6953125 0.791015625 0.6953125 0.787109375 0.6875 0.78515625 0.671875 0.79296875 0.64453125 0.79296875 0.630859375 0.796875 0.623046875 0.798828125 0.6015625
2 0.890625 0.6171875 0.892578125 0.619140625 0.89453125 0.642578125 0.8984375 0.65234375 0.8984375 0.662109375 0.90234375 0.669921875 0.90234375 0.6796875 0.904296875 0.681640625 0.90234375 0.6953125 0.8984375 0.69921875 0.892578125 0.69921875 0.890625 0.697265625 0.88671875 0.69921875 0.880859375 0.705078125 0.880859375 0.7109375 0.87890625 0.712890625 0.876953125 0.708984375 0.876953125 0.681640625 0.8828125 0.6640625 0.884765625 0.642578125 0.88671875 0.640625 0.890625 0.619140625
2 0.3408203125 0.6923828125 0.0107421875 0.0302734375
2 0.390625 0.6796875 0.39453125 0.69140625 0.39453125 0.705078125 0.3828125 0.69921875 0.388671875 0.681640625
2 0.953125 0.677734375 0.955078125 0.681640625 0.95703125 0.70703125 0.947265625 0.70703125 0.951171875 0.6796875
2 0.92578125 0.6484375 0.927734375 0.6484375 0.927734375 0.654296875 0.9375 0.677734375 0.939453125 0.6953125 0.9453125 0.70703125 0.9453125 0.712890625 0.943359375 0.71484375 0.92578125 0.71484375 0.923828125 0.703125 0.919921875 0.69921875 0.912109375 0.701171875 0.916015625 0.689453125 0.91796875 0.671875 0.921875 0.666015625 0.92578125 0.650390625
2 0.35546875 0.6796875 0.359375 0.693359375 0.359375 0.703125 0.353515625 0.701171875 0.353515625 0.685546875 0.35546875 0.681640625
2 0.7734375 0.6484375 0.775390625 0.6484375 0.783203125 0.67578125 0.779296875 0.681640625 0.77734375 0.697265625 0.7734375 0.697265625 0.767578125 0.701171875 0.76171875 0.69921875 0.763671875 0.6796875 0.767578125 0.673828125 0.767578125 0.66796875 0.7734375 0.650390625
2 0.515625 0.689453125 0.51953125 0.693359375 0.51953125 0.701171875 0.515625 0.703125 0.513671875 0.69921875 0.515625 0.69140625
2 0.181640625 0.654296875 0.185546875 0.66015625 0.1875 0.6796875 0.189453125 0.681640625 0.189453125 0.6953125 0.1875 0.69921875 0.181640625 0.703125 0.17578125 0.703125 0.173828125 0.701171875 0.17578125 0.6796875 0.177734375 0.677734375 0.181640625 0.65625
2 0.123046875 0.638671875 0.126953125 0.64453125 0.12890625 0.6640625 0.1328125 0.669921875 0.1328125 0.6796875 0.134765625 0.681640625 0.134765625 0.69921875 0.130859375 0.69921875 0.123046875 0.705078125 0.119140625 0.697265625 0.11328125 0.693359375 0.11328125 0.677734375 0.1171875 0.671875 0.1171875 0.6640625 0.119140625 0.662109375 0.123046875 0.640625
2 0.82421875 0.66796875 0.828125 0.669921875 0.828125 0.677734375 0.830078125 0.6796875 0.830078125 0.69921875 0.826171875 0.703125 0.8203125 0.701171875 0.8203125 0.681640625 0.82421875 0.67578125 0.82421875 0.669921875
2 0.541015625 0.638671875 0.54296875 0.638671875 0.54296875 0.646484375 0.546875 0.65234375 0.548828125 0.671875 0.552734375 0.6796875 0.552734375 0.69921875 0.55078125 0.697265625 0.544921875 0.697265625 0.541015625 0.701171875 0.537109375 0.701171875 0.53125 0.6875 0.53125 0.6796875 0.537109375 0.666015625 0.537109375 0.65625 0.5390625 0.654296875 0.541015625 0.640625
2 0.748046875 0.666015625 0.75390625 0.6875 0.75390625 0.701171875 0.751953125 0.701171875 0.744140625 0.685546875 0.74609375 0.669921875 0.748046875 0.66796875
2 0.2275390625 0.69140625 0.0107421875 0.0244140625
0 0.6875 0.53125 0.05078125 0.36328125
0 0.7431640625 0.3701171875 0.05078125 0.0458984375
0 0.8486328125 0.462890625 0.056640625 0.046875
0 0.474609375 0.5751953125 0.052734375 0.279296875
0 0.259765625 0.62109375 0.0546875 0.18359375
0 0.044921875 0.6728515625 0.0263671875 0.05078125
0 0.9560546875 0.556640625 0.0205078125 0.0146484375
1 0.3603515625 0.3134765625 0.052734375 0.0908203125