2 0.94517374609375 0.631205673828125 0.921235521484375 0.716312056640625 0.967567568359375 0.719148935546875 0.969884169921875 0.716312056640625 0.967567568359375 0.7049645390625 0.94517374609375 0.631205673828125
2 0.894208494140625 0.631205673828125 0.89111969140625 0.634042552734375 0.868725869140625 0.71773049609375 0.91428571484375 0.71773049609375 0.915057916015625 0.706382978515625 0.894208494140625 0.631205673828125
2 0.84247104296875 0.6354609921875 0.8386100390625 0.631205673828125 0.816988416015625 0.716312056640625 0.86023166015625 0.71773049609375 0.859459458984375 0.69787233984375 0.84247104296875 0.6354609921875
2 0.7868725859375 0.629787234375 0.764478763671875 0.716312056640625 0.80540540625 0.71773049609375 0.80926641015625 0.716312056640625 0.808494208984375 0.710638298828125 0.7868725859375 0.629787234375
2 0.73436293359375 0.629787234375 0.7127413125 0.716312056640625 0.756756755859375 0.71773049609375 0.755984556640625 0.706382978515625 0.73436293359375 0.629787234375
2 0.684169884765625 0.631205673828125 0.6795366796875 0.629787234375 0.65791505859375 0.716312056640625 0.703474904296875 0.719148935546875 0.7050193046875 0.710638298828125 0.684169884765625 0.631205673828125
2 0.259459458984375 0.629787234375 0.24478764453125 0.67801418359375 0.23706563671875 0.716312056640625 0.28339768359375 0.716312056640625 0.27335907421875 0.6751773046875 0.259459458984375 0.629787234375
2 0.206949806640625 0.631205673828125 0.184555984375 0.7148936171875 0.191505791015625 0.719148935546875 0.227799228515625 0.719148935546875 0.22934362890625 0.709219857421875 0.206949806640625 0.631205673828125
1 0.641698841796875 0.241134751953125 0.637837837890625 0.241134751953125 0.599227798828125 0.289361701171875 0.60386100390625 0.310638298828125 0.625482625 0.36737588671875 0.632432431640625 0.3645390078125 0.664864865234375 0.3248226953125 0.668725869140625 0.313475177734375 0.664864865234375 0.30212766015625 0.641698841796875 0.241134751953125
0 0.83984375 0.55078125 0.0673828125 0.0595703125
0 0.15234375 0.6728515625 0.0595703125 0.1171875