2 0.322779921875 0.3347517734375 0.31428571484375 0.333333333984375 0.31428571484375 0.418439716796875 0.362162162109375 0.37730496484375 0.3613899609375 0.371631205078125 0.322779921875 0.3347517734375
2 0.3204633203125 0.431205673828125 0.313513513671875 0.431205673828125 0.315830115234375 0.509219857421875 0.313513513671875 0.51773049609375 0.359845560546875 0.476595744140625 0.3613899609375 0.469503546875 0.3204633203125 0.431205673828125
2 0.554440154296875 0.63262411328125 0.54980694921875 0.624113474609375 0.5359073359375 0.666666666015625 0.527413126953125 0.706382978515625 0.571428572265625 0.709219857421875 0.571428572265625 0.699290779296875 0.554440154296875 0.63262411328125
2 0.6023166015625 0.624113474609375 0.58069498046875 0.706382978515625 0.620849419921875 0.709219857421875 0.624710423828125 0.706382978515625 0.6231660234375 0.690780142578125 0.6023166015625 0.624113474609375
2 0.7685606171875 0.712838298828125 0.81533358984375 0.712838298828125 0.79327104296875 0.62697588671875 0.7685606171875 0.712838298828125
2 0.8197459453125 0.711218439453125 0.86740231640625 0.71445815625 0.841809265625 0.61077446875 0.8197459453125 0.711218439453125
2 0.0766687265625 0.71445815625 0.126972201171875 0.70959858203125 0.10314362890625 0.618875177734375 0.0766687265625 0.71445815625
2 0.025482625 0.23168226953125 0.05019305078125 0.322594326171875 0.077550580078125 0.228441134765625 0.025482625 0.23168226953125
0 0.4697265625 0.6689453125 0.1142578125 0.1142578125
0 0.28515625 0.427734375 0.064453125 0.2109375
0 0.0478515625 0.6201171875 0.06640625 0.2021484375
0 0.0498046875 0.109375 0.060546875 0.21875