2 0.525882353515625 0.457142857421875 0.5047058828125 0.534693876953125 0.549411765625 0.534693876953125 0.530588234375 0.457142857421875 0.525882353515625 0.457142857421875
2 0.82705882421875 0.62244898046875 0.830588234375 0.632653060546875 0.87294117578125 0.630612244140625 0.850588234375 0.546938775390625 0.82705882421875 0.62244898046875
2 0.369411765625 0.70204081640625 0.36235294140625 0.648979591796875 0.358823529296875 0.648979591796875 0.349411765625 0.69795918359375 0.35764705859375 0.70612244921875 0.369411765625 0.70204081640625
2 0.38705882421875 0.691836734375 0.383529412109375 0.708163265625 0.39764705859375 0.70612244921875 0.394117646484375 0.69387755078125 0.38705882421875 0.691836734375
2 0.42 0.69795918359375 0.4247058828125 0.70612244921875 0.43294117578125 0.70204081640625 0.418823529296875 0.663265306640625 0.410588234375 0.6877551015625 0.410588234375 0.70612244921875 0.42 0.69795918359375
2 0.43764705859375 0.68571428515625 0.438823529296875 0.70612244921875 0.463529412109375 0.70204081640625 0.450588234375 0.61632653125 0.43764705859375 0.68571428515625
2 0.469411765625 0.68571428515625 0.469411765625 0.7 0.485882353515625 0.70204081640625 0.476470587890625 0.659183673828125 0.469411765625 0.68571428515625
2 0.2247058828125 0.69795918359375 0.2247058828125 0.70612244921875 0.236470587890625 0.70612244921875 0.230588234375 0.6877551015625 0.2247058828125 0.69795918359375
2 0.17764705859375 0.691836734375 0.176470587890625 0.7040816328125 0.18235294140625 0.71020408203125 0.18235294140625 0.68979591796875 0.17764705859375 0.691836734375
0 0.044921875 0.6552734375 0.029296875 0.0244140625
0 0.099609375 0.6787109375 0.048828125 0.08203125
0 0.5 0.735102041015625 0.5592941171875 0.730875509765625 0.561176470703125 0.53344898046875 0.28164705859375 0.53344898046875 0.284470587890625 0.732506123046875 0.346588234375 0.729242857421875 0.3447058828125 0.5938183671875 0.498117646484375 0.5905551015625 0.5 0.735102041015625
0 0.720235294921875 0.677030611328125 0.88305882421875 0.6754 0.877411765625 0.628083673828125 0.66094117578125 0.63297755078125 0.66 0.733061224609375 0.721176470703125 0.730875509765625 0.720235294921875 0.677030611328125
0 0.90234375 0.6552734375 0.0419921875 0.0400390625
0 0.96484375 0.6552734375 0.0322265625 0.0166015625
2 0.88705882421875 0.708163265625 0.8847058828125 0.69387755078125 0.88 0.69387755078125 0.876470587890625 0.70612244921875 0.88 0.7204081640625 0.88705882421875 0.708163265625
2 0.918823529296875 0.6959183671875 0.91764705859375 0.70612244921875 0.928235294921875 0.71428571484375 0.923529412109375 0.69387755078125 0.918823529296875 0.6959183671875
1 0.385882353515625 0.536734693359375 0.38705882421875 0.451020408203125 0.3352941171875 0.451020408203125 0.334117646484375 0.530612244140625 0.33764705859375 0.536734693359375 0.385882353515625 0.536734693359375