1 0.336470587890625 0.469387755859375 0.3352941171875 0.557142857421875 0.38705882421875 0.557142857421875 0.385882353515625 0.471428572265625 0.336470587890625 0.469387755859375
0 0.8759765625 0.650390625 0.0576171875 0.3603515625
0 0.662109375 0.6962890625 0.0654296875 0.28515625
0 0.4482421875 0.75 0.06640625 0.2099609375
0 0.2353515625 0.794921875 0.06640625 0.103515625
0 0.0771484375 0.697265625 0.0478515625 0.080078125
0 0.0751953125 0.796875 0.048828125 0.09375
2 0.809411765625 0.81020408203125 0.801176470703125 0.773469388671875 0.79764705859375 0.7795918359375 0.791764705078125 0.81632653125 0.801176470703125 0.82244898046875 0.809411765625 0.81020408203125
2 0.59294117578125 0.81632653125 0.59294117578125 0.8 0.5847058828125 0.773469388671875 0.576470587890625 0.81632653125 0.588235294921875 0.8204081640625 0.59294117578125 0.81632653125
2 0.52 0.81632653125 0.534117646484375 0.8204081640625 0.538823529296875 0.808163265625 0.528235294921875 0.759183673828125 0.5247058828125 0.761224490234375 0.516470587890625 0.808163265625 0.52 0.81632653125
2 0.358823529296875 0.8122448984375 0.358823529296875 0.8204081640625 0.370588234375 0.82244898046875 0.365882353515625 0.80204081640625 0.358823529296875 0.8122448984375
2 0.309411765625 0.81428571484375 0.31294117578125 0.826530611328125 0.32 0.81836734765625 0.3152941171875 0.80204081640625 0.309411765625 0.81428571484375
2 0.1447058828125 0.8122448984375 0.148235294921875 0.824489796875 0.15764705859375 0.8204081640625 0.150588234375 0.8 0.1447058828125 0.8122448984375
2 0.09764705859375 0.8040816328125 0.094117646484375 0.830612244140625 0.105882353515625 0.81632653125 0.101176470703125 0.80204081640625 0.09764705859375 0.8040816328125
2 0.730588234375 0.80204081640625 0.730588234375 0.8204081640625 0.7552941171875 0.81428571484375 0.741176470703125 0.757142857421875 0.730588234375 0.80204081640625