1 0.40154440234375 0.6751773046875 0.40154440234375 0.66808510546875 0.374517375 0.62269503515625 0.36293436328125 0.609929078125 0.332818533203125 0.67234042578125 0.33204633203125 0.680851064453125 0.3359073359375 0.690780142578125 0.37065637109375 0.74042553125 0.40154440234375 0.6751773046875
2 0.89343629296875 0.663829787109375 0.91428571484375 0.5843971640625 0.909652509765625 0.58014184375 0.882625482421875 0.58014184375 0.8694980703125 0.581560283203125 0.8694980703125 0.58723404296875 0.890347490234375 0.663829787109375 0.89343629296875 0.663829787109375
2 0.20617760546875 0.473758865234375 0.228571427734375 0.38723404296875 0.184555984375 0.388652482421875 0.20617760546875 0.473758865234375
2 0.122779921875 0.978723404296875 0.121235521484375 0.998581560546875 0.1382239375 0.998581560546875 0.12972973046875 0.9446808515625 0.122779921875 0.978723404296875
2 0.036293435546875 0.998581560546875 0.04478764453125 0.998581560546875 0.039382240234375 0.97730496484375 0.036293435546875 0.998581560546875
2 0.39382239453125 0.990070921875 0.3922779921875 0.998581560546875 0.400772201171875 0.998581560546875 0.396911197265625 0.9843971640625 0.39382239453125 0.990070921875
2 0.410810810546875 0.991489361328125 0.410038609375 0.998581560546875 0.4332046328125 0.998581560546875 0.42162162109375 0.9347517734375 0.410810810546875 0.991489361328125
2 0.4694980703125 0.99290780078125 0.46795366796875 0.998581560546875 0.477220078125 0.998581560546875 0.4741312734375 0.988652482421875 0.4694980703125 0.99290780078125
2 0.508108107421875 0.961702126953125 0.502702703125 0.99290780078125 0.501930501953125 0.998581560546875 0.51891891796875 0.998581560546875 0.511969111328125 0.9546099296875 0.508108107421875 0.961702126953125
2 0.542857142578125 0.994326240234375 0.54208494140625 0.998581560546875 0.54980694921875 0.998581560546875 0.546718146484375 0.985815603515625 0.542857142578125 0.994326240234375
2 0.59459459375 0.998581560546875 0.60540540625 0.998581560546875 0.59845559765625 0.9744680859375 0.59459459375 0.998581560546875
2 0.65637065625 0.99290780078125 0.655598455078125 0.998581560546875 0.66023166015625 0.998581560546875 0.65791505859375 0.990070921875 0.65637065625 0.99290780078125
2 0.152895751953125 0.998581560546875 0.15752895703125 0.998581560546875 0.153667953125 0.990070921875 0.152895751953125 0.998581560546875
2 0.816988416015625 0.988652482421875 0.815444015625 0.998581560546875 0.822393822265625 0.998581560546875 0.820849419921875 0.988652482421875 0.816988416015625 0.988652482421875
2 0.83706563671875 0.965957447265625 0.832432431640625 0.998581560546875 0.855598455078125 0.998581560546875 0.84478764453125 0.936170212890625 0.83706563671875 0.965957447265625
2 0.89111969140625 0.994326240234375 0.890347490234375 0.998581560546875 0.89884169921875 0.998581560546875 0.894208494140625 0.988652482421875 0.89111969140625 0.994326240234375
2 0.928185328125 0.9744680859375 0.925096525390625 0.998581560546875 0.9413127421875 0.998581560546875 0.93204633203125 0.953191490234375 0.928185328125 0.9744680859375
2 0.9667953671875 0.98723404296875 0.963706564453125 0.998581560546875 0.972200771484375 0.998581560546875 0.969884169921875 0.98723404296875 0.9667953671875 0.98723404296875
2 0.0761166015625 0.2861191484375 0.10170965234375 0.381432625 0.12289034765625 0.28584964453125 0.0761166015625 0.2861191484375
0 0.8935546875 0.5234375 0.0615234375 0.1142578125
0 0.8935546875 0.8916015625 0.0634765625 0.0595703125
0 0.7587890625 0.880859375 0.1142578125 0.2373046875
0 0.2314453125 0.8330078125 0.119140625 0.333984375
0 0.1015625 0.6005859375 0.064453125 0.0703125
0 0.1025390625 0.234375 0.0673828125 0.115234375
0 0.208984375 0.3359375 0.0693359375 0.1123046875