2 0.206949806640625 0.5645390078125 0.184555984375 0.64255319140625 0.184555984375 0.65248226953125 0.22702702734375 0.6553191484375 0.230115830078125 0.651063830078125 0.206949806640625 0.5645390078125
2 0 0.709219857421875 0.03706563671875 0.709219857421875 0.015444015625 0.6255319140625 0.01158301171875 0.624113474609375 0.008494208984375 0.634042552734375 0 0.6652482265625 0 0.709219857421875
2 0.630115830078125 0.621276595703125 0.626254826171875 0.62269503515625 0.60386100390625 0.706382978515625 0.65250965234375 0.709219857421875 0.6486486484375 0.6851063828125 0.630115830078125 0.621276595703125
2 0.676447876953125 0.629787234375 0.66023166015625 0.69219858203125 0.65791505859375 0.709219857421875 0.704247103515625 0.709219857421875 0.682625482421875 0.61985815625 0.676447876953125 0.629787234375
2 0.824710423828125 0.6851063828125 0.81389961328125 0.6354609921875 0.810038609375 0.629787234375 0.800772201171875 0.67801418359375 0.80386100390625 0.689361701171875 0.8177606171875 0.6950354609375 0.824710423828125 0.6851063828125
2 0.876447876953125 0.6851063828125 0.8694980703125 0.643971630859375 0.861003861328125 0.68226950390625 0.86023166015625 0.690780142578125 0.8640926640625 0.6950354609375 0.872586873046875 0.6950354609375 0.876447876953125 0.6851063828125
2 0.888030888671875 0.67234042578125 0.886486486328125 0.690780142578125 0.895752896484375 0.69219858203125 0.890347490234375 0.66808510546875 0.888030888671875 0.67234042578125
2 0.837837837890625 0.680851064453125 0.833976833984375 0.67801418359375 0.83088803125 0.6950354609375 0.83474903515625 0.6950354609375 0.83706563671875 0.68794326171875 0.837837837890625 0.680851064453125
2 0.849420849609375 0.689361701171875 0.849420849609375 0.696453900390625 0.85637065625 0.693617021484375 0.85482625390625 0.6851063828125 0.849420849609375 0.689361701171875
2 0.785328185546875 0.683687943359375 0.785328185546875 0.69219858203125 0.789189189453125 0.6950354609375 0.789189189453125 0.686524822265625 0.785328185546875 0.683687943359375
1 0.393050193359375 0.706382978515625 0.39073358984375 0.618439716796875 0.3413127421875 0.61985815625 0.3413127421875 0.69219858203125 0.34517374609375 0.7049645390625 0.356756755859375 0.709219857421875 0.393050193359375 0.706382978515625
0 0.2080078125 0.6845703125 0.0595703125 0.080078125
0 0.734375 0.6640625 0.0625 0.1025390625
0 0.947265625 0.6142578125 0.0595703125 0.1943359375