2 0.71660231640625 0.7049645390625 0.699613900390625 0.648226951171875 0.67799227734375 0.726241134765625 0.680308880859375 0.733333333984375 0.721235521484375 0.73191489453125 0.71660231640625 0.7049645390625
2 0.772200771484375 0.7148936171875 0.7513513515625 0.648226951171875 0.72972973046875 0.723404255859375 0.72972973046875 0.733333333984375 0.774517375 0.733333333984375 0.772200771484375 0.7148936171875
2 0.579150580078125 0.710638298828125 0.571428572265625 0.669503546875 0.56911196875 0.673758865234375 0.559845560546875 0.713475177734375 0.56525096484375 0.72198581640625 0.579150580078125 0.710638298828125
1 0.33976833984375 0.519148935546875 0.34208494140625 0.54042553125 0.37297297265625 0.543262412109375 0.3922779921875 0.539007091796875 0.39073358984375 0.448226951171875 0.34208494140625 0.448226951171875 0.340540541015625 0.45248226953125 0.33976833984375 0.519148935546875
2 0.596911197265625 0.7049645390625 0.591505791015625 0.69219858203125 0.58841698828125 0.6950354609375 0.587644787109375 0.720567375 0.5922779921875 0.719148935546875 0.596911197265625 0.7049645390625
2 0.504247103515625 0.720567375 0.522779921875 0.719148935546875 0.5258687265625 0.71205673828125 0.515057916015625 0.658156029296875 0.511196912109375 0.6553191484375 0.49884169921875 0.713475177734375 0.504247103515625 0.720567375
2 0.43088803125 0.70212766015625 0.435521236328125 0.7049645390625 0.4386100390625 0.716312056640625 0.443243244140625 0.716312056640625 0.446332046875 0.706382978515625 0.4386100390625 0.669503546875 0.435521236328125 0.670921986328125 0.43088803125 0.70212766015625
2 0.46563706640625 0.716312056640625 0.457142857421875 0.7049645390625 0.451737451171875 0.71205673828125 0.45250965234375 0.720567375 0.4586872578125 0.723404255859375 0.46563706640625 0.716312056640625
2 0.406949806640625 0.720567375 0.416216216796875 0.719148935546875 0.424710423828125 0.70780141796875 0.41158301171875 0.62269503515625 0.3976833984375 0.699290779296875 0.39613899609375 0.7148936171875 0.406949806640625 0.720567375
2 0.37065637109375 0.713475177734375 0.37297297265625 0.71773049609375 0.377606177734375 0.71205673828125 0.383011583984375 0.71773049609375 0.391505791015625 0.71205673828125 0.379922779296875 0.67234042578125 0.372200771484375 0.699290779296875 0.37065637109375 0.713475177734375
2 0.358301158203125 0.716312056640625 0.352895751953125 0.700709220703125 0.344401544921875 0.709219857421875 0.3413127421875 0.719148935546875 0.355984556640625 0.720567375 0.358301158203125 0.716312056640625
2 0.331274130859375 0.699290779296875 0.32432432421875 0.658156029296875 0.3204633203125 0.663829787109375 0.31428571484375 0.709219857421875 0.32432432421875 0.719148935546875 0.331274130859375 0.699290779296875
2 0.076447876953125 0.713475177734375 0.06795366796875 0.669503546875 0.0617760625 0.696453900390625 0.061003861328125 0.703546099609375 0.06795366796875 0.7148936171875 0.076447876953125 0.713475177734375
2 0.039382240234375 0.723404255859375 0.055598455078125 0.709219857421875 0.043243244140625 0.629787234375 0.040154439453125 0.634042552734375 0.02934362890625 0.699290779296875 0.03088803125 0.719148935546875 0.039382240234375 0.723404255859375
2 0 0.733333333984375 0.0231660234375 0.7347517734375 0.024710423828125 0.6851063828125 0.010810810546875 0.6751773046875 0.00386100390625 0.68794326171875 0 0.706382978515625 0 0.733333333984375
0 0.3046875 0.572265625 0.2275390625 0.0693359375
0 0.6455078125 0.6845703125 0.0625 0.0966796875