0 0.9462890625 0.6181640625 0.03515625 0.064453125
0 0.9462890625 0.7197265625 0.029296875 0.087890625
0 0.728515625 0.60546875 0.064453125 0.267578125
0 0.1416015625 0.4970703125 0.0595703125 0.04296875
0 0.0859375 0.4970703125 0.0439453125 0.0302734375
0 0.0341796875 0.49609375 0.0185546875 0.015625
2 0.423828125 0.634765625 0.42578125 0.638671875 0.42578125 0.650390625 0.4296875 0.65625 0.4296875 0.666015625 0.431640625 0.66796875 0.4375 0.705078125 0.44140625 0.71484375 0.4375 0.73046875 0.43359375 0.736328125 0.42578125 0.73046875 0.42578125 0.724609375 0.419921875 0.7109375 0.4140625 0.720703125 0.4140625 0.73046875 0.408203125 0.728515625 0.41015625 0.70703125 0.4140625 0.697265625 0.416015625 0.673828125 0.419921875 0.6640625 0.423828125 0.63671875
2 0.5390625 0.6953125 0.541015625 0.708984375 0.544921875 0.71484375 0.544921875 0.734375 0.54296875 0.736328125 0.541015625 0.736328125 0.541015625 0.720703125 0.5390625 0.71875 0.541015625 0.70703125 0.537109375 0.703125 0.537109375 0.6953125
2 0.474609375 0.705078125 0.478515625 0.70703125 0.478515625 0.71484375 0.482421875 0.72265625 0.482421875 0.734375 0.478515625 0.732421875 0.478515625 0.7265625 0.474609375 0.720703125 0.474609375 0.70703125
2 0.296875 0.685546875 0.298828125 0.685546875 0.298828125 0.689453125 0.302734375 0.6953125 0.3046875 0.708984375 0.310546875 0.72265625 0.310546875 0.734375 0.306640625 0.732421875 0.306640625 0.724609375 0.302734375 0.71875 0.298828125 0.72265625 0.298828125 0.732421875 0.28515625 0.734375 0.28515625 0.724609375 0.291015625 0.7109375 0.291015625 0.703125 0.294921875 0.697265625 0.296875 0.6875
2 0.3984375 0.703125 0.400390625 0.703125 0.40234375 0.716796875 0.40625 0.72265625 0.404296875 0.724609375 0.404296875 0.73046875 0.40234375 0.732421875 0.3984375 0.73046875 0.3984375 0.724609375 0.39453125 0.720703125 0.3984375 0.705078125
2 0.595703125 0.673828125 0.59765625 0.673828125 0.599609375 0.6796875 0.603515625 0.705078125 0.607421875 0.7109375 0.607421875 0.72265625 0.609375 0.724609375 0.609375 0.734375 0.607421875 0.736328125 0.603515625 0.734375 0.587890625 0.734375 0.5859375 0.73046875 0.5859375 0.71875 0.58984375 0.7109375 0.58984375 0.701171875 0.59375 0.6953125 0.595703125 0.67578125
2 0.806640625 0.69140625 0.80859375 0.693359375 0.810546875 0.712890625 0.814453125 0.71875 0.814453125 0.732421875 0.810546875 0.73828125 0.806640625 0.73828125 0.798828125 0.73046875 0.80078125 0.7109375 0.8046875 0.703125 0.8046875 0.693359375
2 0.78515625 0.7109375 0.787109375 0.7109375 0.7890625 0.716796875 0.7890625 0.736328125 0.787109375 0.736328125 0.783203125 0.728515625 0.783203125 0.716796875 0.78515625 0.712890625
2 0.57421875 0.7265625 0.0078125 0.0166015625
2 0.865234375 0.671875 0.8671875 0.685546875 0.869140625 0.6875 0.869140625 0.697265625 0.873046875 0.703125 0.873046875 0.7109375 0.875 0.712890625 0.875 0.724609375 0.873046875 0.73046875 0.86328125 0.73828125 0.853515625 0.73046875 0.853515625 0.71875 0.857421875 0.712890625 0.857421875 0.703125 0.865234375 0.673828125
2 0.888671875 0.724609375 0.890625 0.724609375 0.892578125 0.73046875 0.892578125 0.734375 0.888671875 0.736328125 0.88671875 0.734375 0.888671875 0.7265625
2 0.24609375 0.296875 0.248046875 0.296875 0.248046875 0.30078125 0.251953125 0.306640625 0.25390625 0.322265625 0.259765625 0.3359375 0.259765625 0.341796875 0.263671875 0.34765625 0.263671875 0.353515625 0.26953125 0.37109375 0.26953125 0.380859375 0.224609375 0.37890625 0.2265625 0.361328125 0.23046875 0.35546875 0.232421875 0.341796875 0.2421875 0.318359375 0.2421875 0.30859375 0.24609375 0.298828125
2 0.37109375 0.6875 0.375 0.689453125 0.38671875 0.720703125 0.38671875 0.728515625 0.37890625 0.736328125 0.369140625 0.73046875 0.36328125 0.736328125 0.359375 0.734375 0.357421875 0.73046875 0.359375 0.716796875 0.365234375 0.70703125 0.365234375 0.701171875 0.369140625 0.697265625 0.37109375 0.689453125
2 0.841796875 0.71875 0.84375 0.720703125 0.84375 0.732421875 0.841796875 0.734375 0.837890625 0.732421875 0.83984375 0.720703125
2 0.451171875 0.685546875 0.455078125 0.697265625 0.455078125 0.705078125 0.4609375 0.716796875 0.4609375 0.732421875 0.455078125 0.732421875 0.44921875 0.720703125 0.4453125 0.724609375 0.4453125 0.728515625 0.44140625 0.724609375 0.443359375 0.703125 0.44921875 0.6875
2 0.333984375 0.654296875 0.337890625 0.666015625 0.33984375 0.6875 0.34375 0.6953125 0.345703125 0.71875 0.34765625 0.720703125 0.34375 0.734375 0.32421875 0.736328125 0.3203125 0.732421875 0.32421875 0.69921875 0.328125 0.69140625 0.328125 0.6796875 0.330078125 0.677734375 0.330078125 0.66796875 0.333984375 0.65625
0 0.218588234375 0.375179591796875 0.213882353515625 0.761875509765625 0.277882353515625 0.770034693359375 0.28164705859375 0.43555101953125 0.485882353515625 0.4339183671875 0.484 0.7504551015625 0.54235294140625 0.74882244921875 0.54705882421875 0.3759183671875 0.218588234375 0.375179591796875
1 0.6552941171875 0.173469388671875 0.60705882421875 0.2 0.623529412109375 0.28367346875 0.669411765625 0.257142857421875 0.668235294921875 0.232653060546875 0.6552941171875 0.173469388671875