2 0.863320462890625 0.591489361328125 0.859459458984375 0.581560283203125 0.85637065625 0.58297872265625 0.836293435546875 0.663829787109375 0.88108108203125 0.6652482265625 0.88108108203125 0.656737587890625 0.863320462890625 0.591489361328125
1 0.62702702734375 0.3744680859375 0.623938224609375 0.375886525390625 0.60540540625 0.428368794921875 0.6 0.4553191484375 0.640926640625 0.50212766015625 0.667181466796875 0.42695035546875 0.66563706640625 0.418439716796875 0.62702702734375 0.3744680859375
2 0.04296875 0.78125 0.044921875 0.783203125 0.044921875 0.796875 0.048828125 0.8046875 0.048828125 0.8125 0.044921875 0.81640625 0.044921875 0.826171875 0.041015625 0.830078125 0.03515625 0.8203125 0.04296875 0.783203125
2 0.3203125 0.837890625 0.314453125 0.82421875 0.326171875 0.79296875 0.328125 0.79296875 0.33203125 0.8046875 0.33203125 0.8125 0.3359375 0.818359375 0.3359375 0.833984375 0.33203125 0.83984375 0.32421875 0.83984375 0.322265625 0.837890625
2 0.375 0.7421875 0.376953125 0.7421875 0.37890625 0.748046875 0.37890625 0.755859375 0.384765625 0.77734375 0.384765625 0.7890625 0.388671875 0.798828125 0.388671875 0.8125 0.390625 0.814453125 0.388671875 0.833984375 0.384765625 0.837890625 0.375 0.83984375 0.369140625 0.828125 0.365234375 0.830078125 0.365234375 0.8359375 0.361328125 0.833984375 0.361328125 0.822265625 0.365234375 0.810546875 0.365234375 0.798828125 0.3671875 0.796875 0.3671875 0.787109375 0.37109375 0.775390625 0.37109375 0.763671875 0.375 0.75390625 0.375 0.744140625
2 0.796875 0.810546875 0.802734375 0.830078125 0.80078125 0.84375 0.794921875 0.837890625 0.79296875 0.83984375 0.79296875 0.826171875 0.796875 0.8125
2 0.62109375 0.7890625 0.625 0.796875 0.625 0.8046875 0.62890625 0.810546875 0.62890625 0.818359375 0.634765625 0.833984375 0.634765625 0.837890625 0.62890625 0.84375 0.623046875 0.84375 0.62109375 0.845703125 0.61328125 0.84375 0.609375 0.837890625 0.611328125 0.82421875 0.615234375 0.81640625 0.615234375 0.80859375 0.619140625 0.802734375 0.619140625 0.79296875 0.62109375 0.791015625
2 0.427734375 0.80859375 0.4296875 0.810546875 0.4296875 0.8203125 0.43359375 0.83203125 0.4296875 0.841796875 0.423828125 0.83984375 0.423828125 0.82421875 0.427734375 0.81640625 0.427734375 0.810546875
2 0.048828125 0.810546875 0.052734375 0.8203125 0.052734375 0.828125 0.056640625 0.8359375 0.052734375 0.83984375 0.044921875 0.83984375 0.04296875 0.8359375 0.04296875 0.830078125 0.048828125 0.8125
2 0.091796875 0.771484375 0.09375 0.791015625 0.09765625 0.796875 0.09765625 0.8125 0.08984375 0.81640625 0.087890625 0.818359375 0.08984375 0.8203125 0.083984375 0.814453125 0.083984375 0.802734375 0.0859375 0.80078125 0.08984375 0.7734375
2 0.3515625 0.810546875 0.359375 0.837890625 0.357421875 0.84375 0.349609375 0.84375 0.34765625 0.841796875 0.34765625 0.828125 0.349609375 0.826171875 0.349609375 0.814453125 0.3515625 0.8125
2 0.771484375 0.7890625 0.775390625 0.806640625 0.779296875 0.814453125 0.779296875 0.8203125 0.783203125 0.828125 0.783203125 0.84375 0.77734375 0.84765625 0.775390625 0.84375 0.76953125 0.84375 0.763671875 0.8359375 0.763671875 0.814453125 0.771484375 0.791015625
2 0.103515625 0.796875 0.107421875 0.802734375 0.107421875 0.810546875 0.111328125 0.81640625 0.111328125 0.830078125 0.11328125 0.83203125 0.111328125 0.837890625 0.09765625 0.837890625 0.095703125 0.833984375 0.095703125 0.814453125 0.099609375 0.810546875 0.103515625 0.798828125
2 0.1171875 0.80859375 0.119140625 0.80859375 0.12109375 0.814453125 0.12109375 0.826171875 0.123046875 0.828125 0.1171875 0.830078125 0.115234375 0.833984375 0.11328125 0.82421875 0.1171875 0.81640625 0.1171875 0.810546875
2 0.287109375 0.7578125 0.2890625 0.7578125 0.2890625 0.771484375 0.29296875 0.78125 0.29296875 0.791015625 0.294921875 0.79296875 0.296875 0.8125 0.298828125 0.814453125 0.298828125 0.830078125 0.30078125 0.83203125 0.30078125 0.841796875 0.294921875 0.841796875 0.291015625 0.830078125 0.291015625 0.8203125 0.287109375 0.818359375 0.28125 0.837890625 0.275390625 0.837890625 0.275390625 0.82421875 0.279296875 0.8125 0.279296875 0.80078125 0.28125 0.798828125 0.28125 0.7890625 0.283203125 0.787109375 0.287109375 0.759765625
2 0.74609375 0.740234375 0.74609375 0.74609375 0.75 0.75390625 0.75390625 0.787109375 0.7578125 0.794921875 0.7578125 0.810546875 0.76171875 0.818359375 0.76171875 0.83203125 0.759765625 0.837890625 0.75390625 0.828125 0.75 0.83203125 0.75 0.837890625 0.74609375 0.841796875 0.7421875 0.837890625 0.73828125 0.84375 0.73046875 0.84375 0.73046875 0.8359375 0.728515625 0.833984375 0.734375 0.798828125 0.736328125 0.796875 0.736328125 0.78515625 0.744140625 0.755859375 0.744140625 0.744140625 0.74609375 0.7421875
2 0.009765625 0.814453125 0.013671875 0.826171875 0.013671875 0.83203125 0.009765625 0.8359375 0.0078125 0.833984375 0.0078125 0.8203125 0.009765625 0.81640625
2 0.0625 0.798828125 0.064453125 0.798828125 0.0703125 0.8125 0.0703125 0.82421875 0.0625 0.830078125 0.05859375 0.830078125 0.0546875 0.826171875 0.0546875 0.818359375 0.0625 0.80078125
2 0.0234375 0.796875 0.033203125 0.828125 0.03125 0.833984375 0.02734375 0.8359375 0.015625 0.833984375 0.017578125 0.814453125 0.0234375 0.798828125
2 0.40234375 0.7890625 0.40234375 0.794921875 0.40625 0.80078125 0.41015625 0.822265625 0.4140625 0.830078125 0.4140625 0.84375 0.412109375 0.845703125 0.40625 0.845703125 0.400390625 0.83984375 0.3984375 0.830078125 0.39453125 0.82421875 0.39453125 0.814453125 0.3984375 0.806640625 0.400390625 0.791015625
2 0.251953125 0.791015625 0.26171875 0.822265625 0.259765625 0.8359375 0.255859375 0.8359375 0.25 0.84375 0.2421875 0.841796875 0.240234375 0.837890625 0.2421875 0.822265625 0.24609375 0.81640625 0.24609375 0.80859375 0.25 0.802734375 0.25 0.79296875
2 0.65625 0.7578125 0.66015625 0.767578125 0.6640625 0.798828125 0.666015625 0.80078125 0.666015625 0.8125 0.66796875 0.814453125 0.66796875 0.841796875 0.6640625 0.841796875 0.66015625 0.837890625 0.65625 0.841796875 0.65234375 0.841796875 0.65234375 0.833984375 0.646484375 0.828125 0.6484375 0.80078125 0.65234375 0.791015625 0.65234375 0.779296875 0.654296875 0.77734375 0.65625 0.759765625
2 0.693359375 0.794921875 0.697265625 0.794921875 0.705078125 0.814453125 0.705078125 0.833984375 0.703125 0.830078125 0.69921875 0.830078125 0.693359375 0.841796875 0.6875 0.8359375 0.685546875 0.822265625 0.6875 0.8203125 0.6875 0.810546875 0.693359375 0.80078125 0.693359375 0.796875
0 0.48828125 0.5966796875 0.0595703125 0.0654296875
0 0.2763671875 0.4990234375 0.06640625 0.0498046875
0 0.064453125 0.40625 0.05078125 0.0341796875
0 0.962890625 0.6904296875 0.0234375 0.0302734375
0 0.912109375 0.697265625 0.0439453125 0.0556640625
0 0.73061235546875 0.8804099296875 0.742967568359375 0.729744681640625 0.8832872578125 0.73622411328125 0.889464865234375 0.66008226953125 0.66707104296875 0.647121986328125 0.665305791015625 0.877168794921875 0.73061235546875 0.8804099296875