2 0.352895751953125 0.449645390625 0.311196912109375 0.490780142578125 0.359073359375 0.53191489453125 0.359073359375 0.449645390625 0.352895751953125 0.449645390625
2 0.352123552734375 0.548936169921875 0.3127413125 0.58723404296875 0.33976833984375 0.6156028359375 0.359073359375 0.628368794921875 0.359073359375 0.548936169921875 0.352123552734375 0.548936169921875
2 0.331274130859375 0.663829787109375 0.3127413125 0.6851063828125 0.356756755859375 0.7248226953125 0.359845560546875 0.719148935546875 0.359845560546875 0.643971630859375 0.331274130859375 0.663829787109375
2 0.03474903515625 0.251063830078125 0.036293435546875 0.34042553125 0.084942083984375 0.29787233984375 0.08339768359375 0.29219858203125 0.03474903515625 0.251063830078125
2 0.040154439453125 0.350354609375 0.035521236328125 0.351773048828125 0.03706563671875 0.438297873046875 0.084169884765625 0.394326240234375 0.084169884765625 0.390070921875 0.05482625390625 0.36312056640625 0.040154439453125 0.350354609375
2 0.036293435546875 0.4453900703125 0.035521236328125 0.53191489453125 0.041698841796875 0.53191489453125 0.074903474609375 0.500709220703125 0.084169884765625 0.490780142578125 0.08185328125 0.4851063828125 0.036293435546875 0.4453900703125
2 0.4386100390625 0.6950354609375 0.42162162109375 0.726241134765625 0.4586872578125 0.726241134765625 0.443243244140625 0.6950354609375 0.4386100390625 0.6950354609375
2 0.4949806953125 0.6950354609375 0.49111969140625 0.696453900390625 0.474903474609375 0.726241134765625 0.5127413125 0.726241134765625 0.505791505859375 0.71205673828125 0.4949806953125 0.6950354609375
2 0.54517374609375 0.6950354609375 0.528185328125 0.726241134765625 0.566023166015625 0.726241134765625 0.5613899609375 0.716312056640625 0.54517374609375 0.6950354609375
2 0.599227798828125 0.69787233984375 0.583011583984375 0.726241134765625 0.610038609375 0.72765957421875 0.61389961328125 0.72198581640625 0.610038609375 0.713475177734375 0.599227798828125 0.69787233984375
2 0.65096525 0.699290779296875 0.636293435546875 0.726241134765625 0.667181466796875 0.726241134765625 0.66254826171875 0.71205673828125 0.65096525 0.699290779296875
2 0.703474904296875 0.693617021484375 0.6872586875 0.726241134765625 0.722779921875 0.72765957421875 0.723552123046875 0.723404255859375 0.703474904296875 0.693617021484375
2 0.755984556640625 0.6950354609375 0.7382239375 0.726241134765625 0.7768339765625 0.72765957421875 0.7768339765625 0.723404255859375 0.755984556640625 0.6950354609375
2 0.810810810546875 0.693617021484375 0.789961390625 0.726241134765625 0.832432431640625 0.72765957421875 0.830115830078125 0.72198581640625 0.810810810546875 0.693617021484375
2 0.8617760625 0.6950354609375 0.84247104296875 0.72765957421875 0.884169884765625 0.729078013671875 0.8795366796875 0.71773049609375 0.8617760625 0.6950354609375
0 0.388671875 0.5859375 0.0576171875 0.3037109375
0 0.017578125 0.3984375 0.03515625 0.31640625