1 0.655598455078125 0.283687943359375 0.606949806640625 0.289361701171875 0.60926641015625 0.381560283203125 0.6586872578125 0.37730496484375 0.6586872578125 0.309219857421875 0.655598455078125 0.283687943359375
2 0.3671875 0.716796875 0.373046875 0.734375 0.373046875 0.74609375 0.37109375 0.75 0.3671875 0.75 0.36328125 0.74609375 0.3671875 0.71875
2 0.291015625 0.71875 0.29296875 0.71875 0.294921875 0.734375 0.296875 0.736328125 0.296875 0.75 0.294921875 0.75390625 0.287109375 0.74609375 0.287109375 0.732421875 0.291015625 0.720703125
2 0.341796875 0.697265625 0.34375 0.69921875 0.34765625 0.72265625 0.35546875 0.744140625 0.35546875 0.748046875 0.349609375 0.75390625 0.34375 0.748046875 0.337890625 0.74609375 0.337890625 0.740234375 0.333984375 0.73046875 0.333984375 0.720703125 0.337890625 0.712890625 0.337890625 0.705078125 0.341796875 0.69921875
2 0.6796875 0.7421875 0.6796875 0.75 0.677734375 0.751953125 0.673828125 0.75 0.673828125 0.744140625 0.677734375 0.7421875
2 0.876953125 0.732421875 0.880859375 0.734375 0.884765625 0.744140625 0.884765625 0.75 0.87890625 0.755859375 0.873046875 0.755859375 0.873046875 0.7421875 0.876953125 0.734375
2 0.640625 0.7265625 0.642578125 0.728515625 0.64453125 0.74609375 0.640625 0.74609375 0.634765625 0.75 0.634765625 0.7421875 0.640625 0.728515625
2 0.927734375 0.73046875 0.93359375 0.75 0.93359375 0.759765625 0.9296875 0.759765625 0.921875 0.75 0.92578125 0.732421875
2 0.19140625 0.697265625 0.205078125 0.7421875 0.205078125 0.74609375 0.201171875 0.75 0.1953125 0.75 0.19140625 0.75390625 0.1796875 0.748046875 0.1796875 0.736328125 0.18359375 0.73046875 0.18359375 0.72265625 0.19140625 0.69921875
2 0.71875 0.685546875 0.724609375 0.71875 0.73046875 0.73828125 0.73046875 0.75 0.72265625 0.748046875 0.71484375 0.751953125 0.70703125 0.748046875 0.70703125 0.736328125 0.7109375 0.73046875 0.7109375 0.716796875 0.71484375 0.708984375 0.71484375 0.69921875 0.71875 0.6875
2 0.66015625 0.701171875 0.662109375 0.703125 0.662109375 0.71484375 0.66796875 0.736328125 0.66796875 0.75 0.6640625 0.75390625 0.66015625 0.75 0.654296875 0.75 0.65234375 0.748046875 0.65234375 0.736328125 0.65625 0.73046875 0.66015625 0.703125
2 0.2265625 0.666015625 0.228515625 0.666015625 0.23046875 0.685546875 0.232421875 0.6875 0.232421875 0.701171875 0.236328125 0.7109375 0.236328125 0.72265625 0.240234375 0.734375 0.240234375 0.751953125 0.234375 0.75 0.228515625 0.744140625 0.224609375 0.75 0.220703125 0.736328125 0.216796875 0.734375 0.216796875 0.720703125 0.220703125 0.708984375 0.220703125 0.697265625 0.22265625 0.6953125 0.2265625 0.66796875
2 0.6953125 0.732421875 0.697265625 0.740234375 0.701171875 0.744140625 0.701171875 0.75 0.697265625 0.75 0.697265625 0.74609375 0.693359375 0.740234375 0.693359375 0.732421875
2 0.265625 0.701171875 0.2734375 0.716796875 0.2734375 0.72265625 0.27734375 0.732421875 0.2734375 0.74609375 0.26171875 0.748046875 0.255859375 0.736328125 0.25 0.7421875 0.25 0.736328125 0.25390625 0.734375 0.25390625 0.728515625 0.26171875 0.712890625 0.263671875 0.703125
2 0.912109375 0.732421875 0.916015625 0.7421875 0.916015625 0.75390625 0.91015625 0.755859375 0.91015625 0.734375
2 0.166015625 0.7265625 0.166015625 0.73046875 0.169921875 0.736328125 0.169921875 0.748046875 0.16796875 0.74609375 0.166015625 0.728515625
2 0.31640625 0.6484375 0.318359375 0.65234375 0.318359375 0.6640625 0.322265625 0.673828125 0.322265625 0.685546875 0.330078125 0.71484375 0.330078125 0.734375 0.326171875 0.744140625 0.322265625 0.74609375 0.314453125 0.74609375 0.30859375 0.734375 0.3046875 0.7421875 0.30078125 0.740234375 0.30078125 0.7265625 0.302734375 0.724609375 0.3046875 0.705078125 0.30859375 0.6953125 0.30859375 0.68359375 0.3125 0.671875 0.3125 0.662109375 0.31640625 0.650390625
0 0.587890625 0.5048828125 0.0634765625 0.064453125
0 0.455078125 0.5986328125 0.125 0.0615234375
0 0.271484375 0.40625 0.060546875 0.0703125
0 0.1640625 0.5048828125 0.07421875 0.0732421875
0 0.0576171875 0.59375 0.06640625 0.0712890625