0 0.355874130859375 0.3587517734375 0.33204633203125 0.439754609375 0.377054826171875 0.480255318359375 0.4 0.400873759765625 0.355874130859375 0.3587517734375
1 0.1127413125 0.6397163125 0.098069498046875 0.690780142578125 0.0949806953125 0.71205673828125 0.13745173828125 0.709219857421875 0.11660231640625 0.63687943359375 0.1127413125 0.6397163125
1 0.303474904296875 0.621276595703125 0.299613900390625 0.62269503515625 0.27799227734375 0.699290779296875 0.276447876953125 0.709219857421875 0.278764478515625 0.710638298828125 0.3258687265625 0.70780141796875 0.303474904296875 0.621276595703125
1 0.501930501953125 0.69219858203125 0.502702703125 0.6751773046875 0.49343629296875 0.64255319140625 0.490347490234375 0.643971630859375 0.480308880859375 0.680851064453125 0.478764478515625 0.6950354609375 0.48339768359375 0.700709220703125 0.498069498046875 0.699290779296875 0.501930501953125 0.69219858203125
1 0.471814671875 0.6851063828125 0.466409265625 0.660992908203125 0.463320462890625 0.670921986328125 0.461003861328125 0.680851064453125 0.46254826171875 0.693617021484375 0.47027026953125 0.69219858203125 0.471814671875 0.6851063828125
1 0.535135134765625 0.689361701171875 0.51891891796875 0.591489361328125 0.515057916015625 0.598581560546875 0.503474904296875 0.66241134765625 0.503474904296875 0.67801418359375 0.51428571484375 0.693617021484375 0.52972973046875 0.6950354609375 0.535135134765625 0.689361701171875
1 0.548262548828125 0.69219858203125 0.542857142578125 0.660992908203125 0.536679537109375 0.686524822265625 0.5359073359375 0.6950354609375 0.538996138671875 0.699290779296875 0.54208494140625 0.69219858203125 0.548262548828125 0.69219858203125
1 0.581467181640625 0.680851064453125 0.57065637109375 0.646808509765625 0.566023166015625 0.646808509765625 0.55521235546875 0.67801418359375 0.559845560546875 0.690780142578125 0.56911196875 0.693617021484375 0.581467181640625 0.680851064453125
1 0.620849419921875 0.689361701171875 0.60540540625 0.608510638671875 0.59382239453125 0.679432625 0.589961390625 0.6851063828125 0.59382239453125 0.6950354609375 0.620849419921875 0.689361701171875
1 0.643243244140625 0.64255319140625 0.640154439453125 0.643971630859375 0.631660232421875 0.673758865234375 0.63088803125 0.6851063828125 0.641698841796875 0.700709220703125 0.657142857421875 0.69219858203125 0.643243244140625 0.64255319140625
1 0.707335908203125 0.68226950390625 0.695752896484375 0.629787234375 0.688803087890625 0.658156029296875 0.68339768359375 0.6950354609375 0.694208494140625 0.700709220703125 0.70656370703125 0.696453900390625 0.707335908203125 0.68226950390625
1 0.7613899609375 0.68226950390625 0.75521235546875 0.648226951171875 0.7513513515625 0.653900708984375 0.742857142578125 0.689361701171875 0.748262548828125 0.700709220703125 0.759073359375 0.693617021484375 0.7613899609375 0.68226950390625
1 0.771428572265625 0.673758865234375 0.77065637109375 0.689361701171875 0.779150580078125 0.69219858203125 0.776061775390625 0.673758865234375 0.771428572265625 0.673758865234375
1 0.799227798828125 0.676595744140625 0.79845559765625 0.69219858203125 0.80386100390625 0.700709220703125 0.803088802734375 0.68226950390625 0.799227798828125 0.676595744140625
1 0.828571427734375 0.689361701171875 0.827799228515625 0.676595744140625 0.823938224609375 0.65248226953125 0.820849419921875 0.651063830078125 0.818532818359375 0.673758865234375 0.8231660234375 0.690780142578125 0.826254826171875 0.69219858203125 0.828571427734375 0.689361701171875
1 0.8895752890625 0.699290779296875 0.88108108203125 0.66808510546875 0.87799227734375 0.669503546875 0.87335907421875 0.686524822265625 0.87335907421875 0.709219857421875 0.888803087890625 0.710638298828125 0.8895752890625 0.699290779296875
1 0.911196912109375 0.61702127734375 0.899613900390625 0.68226950390625 0.900386099609375 0.7049645390625 0.907335908203125 0.71205673828125 0.9258687265625 0.709219857421875 0.911196912109375 0.61702127734375
1 0.935135134765625 0.6652482265625 0.927413126953125 0.709219857421875 0.9459459453125 0.71205673828125 0.938996138671875 0.6652482265625 0.935135134765625 0.6652482265625
1 0.9513513515625 0.706382978515625 0.9513513515625 0.71205673828125 0.96293436328125 0.709219857421875 0.95752895703125 0.699290779296875 0.9513513515625 0.706382978515625