1 0.344401544921875 0.283687943359375 0.3413127421875 0.309219857421875 0.3413127421875 0.37730496484375 0.39073358984375 0.381560283203125 0.393050193359375 0.289361701171875 0.344401544921875 0.283687943359375
2 0.630859375 0.716796875 0.634765625 0.74609375 0.630859375 0.75 0.626953125 0.75 0.625 0.74609375 0.625 0.734375 0.62890625 0.7265625 0.62890625 0.71875
2 0.705078125 0.71875 0.70703125 0.71875 0.70703125 0.724609375 0.7109375 0.732421875 0.7109375 0.74609375 0.703125 0.75390625 0.701171875 0.75 0.701171875 0.736328125 0.703125 0.734375 0.705078125 0.720703125
2 0.65625 0.697265625 0.6640625 0.720703125 0.6640625 0.73046875 0.662109375 0.732421875 0.66015625 0.74609375 0.654296875 0.748046875 0.650390625 0.75390625 0.642578125 0.748046875 0.654296875 0.70703125 0.654296875 0.69921875
2 0.318359375 0.7421875 0.32421875 0.744140625 0.32421875 0.75 0.322265625 0.751953125 0.318359375 0.75 0.318359375 0.744140625
2 0.119140625 0.755859375 0.11328125 0.75 0.11328125 0.744140625 0.119140625 0.732421875 0.12109375 0.732421875 0.12109375 0.736328125 0.125 0.7421875 0.125 0.755859375 0.12109375 0.755859375
2 0.357421875 0.7265625 0.36328125 0.7421875 0.36328125 0.75 0.357421875 0.74609375 0.353515625 0.74609375 0.35546875 0.728515625
2 0.0703125 0.73046875 0.076171875 0.748046875 0.072265625 0.755859375 0.068359375 0.759765625 0.064453125 0.759765625 0.064453125 0.75 0.0703125 0.732421875
2 0.806640625 0.697265625 0.810546875 0.71484375 0.814453125 0.72265625 0.814453125 0.73046875 0.818359375 0.736328125 0.818359375 0.748046875 0.806640625 0.75390625 0.802734375 0.75 0.796875 0.75 0.79296875 0.74609375 0.80078125 0.712890625 0.8046875 0.705078125 0.8046875 0.69921875
2 0.279296875 0.685546875 0.283203125 0.69921875 0.283203125 0.708984375 0.287109375 0.716796875 0.287109375 0.73046875 0.291015625 0.736328125 0.291015625 0.748046875 0.2890625 0.75 0.283203125 0.751953125 0.275390625 0.748046875 0.267578125 0.75 0.267578125 0.73828125 0.26953125 0.736328125 0.26953125 0.728515625 0.2734375 0.71875 0.27734375 0.689453125 0.279296875 0.6875
2 0.337890625 0.701171875 0.341796875 0.73046875 0.345703125 0.736328125 0.345703125 0.748046875 0.34375 0.75 0.337890625 0.75 0.333984375 0.75390625 0.330078125 0.75 0.330078125 0.736328125 0.3359375 0.71484375 0.3359375 0.703125
2 0.76953125 0.666015625 0.771484375 0.666015625 0.771484375 0.671875 0.7734375 0.673828125 0.7734375 0.685546875 0.775390625 0.6875 0.77734375 0.708984375 0.78125 0.720703125 0.78125 0.734375 0.77734375 0.736328125 0.7734375 0.75 0.76953125 0.744140625 0.763671875 0.75 0.7578125 0.751953125 0.7578125 0.734375 0.76171875 0.72265625 0.76171875 0.7109375 0.765625 0.701171875 0.765625 0.6875 0.767578125 0.685546875 0.76953125 0.66796875
2 0.302734375 0.732421875 0.3046875 0.732421875 0.3046875 0.740234375 0.30078125 0.74609375 0.30078125 0.75 0.296875 0.75 0.296875 0.744140625 0.302734375 0.734375
2 0.732421875 0.701171875 0.744140625 0.728515625 0.744140625 0.734375 0.748046875 0.736328125 0.748046875 0.7421875 0.7421875 0.736328125 0.736328125 0.748046875 0.724609375 0.74609375 0.720703125 0.732421875 0.73046875 0.703125
2 0.0859375 0.732421875 0.087890625 0.734375 0.087890625 0.755859375 0.08203125 0.75390625 0.08203125 0.7421875 0.0859375 0.734375
2 0.83203125 0.7265625 0.83203125 0.740234375 0.828125 0.748046875 0.828125 0.736328125 0.83203125 0.728515625
2 0.681640625 0.6484375 0.685546875 0.662109375 0.6875 0.681640625 0.689453125 0.68359375 0.689453125 0.6953125 0.69140625 0.697265625 0.693359375 0.71484375 0.697265625 0.7265625 0.697265625 0.740234375 0.693359375 0.7421875 0.689453125 0.734375 0.68359375 0.74609375 0.671875 0.744140625 0.66796875 0.734375 0.66796875 0.71484375 0.67578125 0.685546875 0.67578125 0.673828125 0.677734375 0.671875 0.6796875 0.65234375 0.681640625 0.650390625
0 0.412109375 0.5048828125 0.0634765625 0.064453125
0 0.544921875 0.5986328125 0.125 0.0615234375
0 0.728515625 0.40625 0.060546875 0.0703125
0 0.8359375 0.5048828125 0.07421875 0.0732421875
0 0.9423828125 0.59375 0.06640625 0.0712890625