2 0.05482625390625 0.631205673828125 0.032432431640625 0.7049645390625 0.030115830078125 0.716312056640625 0.032432431640625 0.719148935546875 0.078764478515625 0.716312056640625 0.05482625390625 0.631205673828125
2 0.105791505859375 0.631205673828125 0.084942083984375 0.706382978515625 0.08571428515625 0.71773049609375 0.131274130859375 0.71773049609375 0.10888030859375 0.634042552734375 0.105791505859375 0.631205673828125
2 0.15752895703125 0.6354609921875 0.140540541015625 0.69787233984375 0.13976833984375 0.71773049609375 0.183011583984375 0.716312056640625 0.1613899609375 0.631205673828125 0.15752895703125 0.6354609921875
2 0.2131274140625 0.629787234375 0.191505791015625 0.710638298828125 0.19073358984375 0.716312056640625 0.19459459375 0.71773049609375 0.235521236328125 0.716312056640625 0.2131274140625 0.629787234375
2 0.244015443359375 0.706382978515625 0.243243244140625 0.71773049609375 0.2872586875 0.716312056640625 0.26563706640625 0.629787234375 0.244015443359375 0.706382978515625
2 0.315830115234375 0.631205673828125 0.2949806953125 0.710638298828125 0.296525095703125 0.719148935546875 0.34208494140625 0.716312056640625 0.3204633203125 0.629787234375 0.315830115234375 0.631205673828125
2 0.740540541015625 0.629787234375 0.72664092578125 0.6751773046875 0.71660231640625 0.716312056640625 0.76293436328125 0.716312056640625 0.75521235546875 0.67801418359375 0.740540541015625 0.629787234375
2 0.793050193359375 0.631205673828125 0.77065637109375 0.709219857421875 0.772200771484375 0.719148935546875 0.808494208984375 0.719148935546875 0.815444015625 0.7148936171875 0.793050193359375 0.631205673828125
1 0.374517375 0.36737588671875 0.39613899609375 0.310638298828125 0.400772201171875 0.289361701171875 0.362162162109375 0.241134751953125 0.358301158203125 0.241134751953125 0.335135134765625 0.30212766015625 0.331274130859375 0.313475177734375 0.335135134765625 0.3248226953125 0.367567568359375 0.3645390078125 0.374517375 0.36737588671875
0 0.16015625 0.55078125 0.0673828125 0.0595703125
0 0.84765625 0.6728515625 0.0595703125 0.1171875