2 0.774517375 0.646808509765625 0.758301158203125 0.709219857421875 0.806949806640625 0.709219857421875 0.783011583984375 0.62269503515625 0.774517375 0.646808509765625
2 0.020077220703125 0.293617021484375 0.02934362890625 0.330496453125 0.041698841796875 0.37304964453125 0.046332046875 0.37304964453125 0.0640926640625 0.310638298828125 0.067181466796875 0.28794326171875 0.02162162109375 0.286524822265625 0.020077220703125 0.293617021484375
2 0.074903474609375 0.2950354609375 0.076447876953125 0.310638298828125 0.095752896484375 0.375886525390625 0.103474904296875 0.358865248046875 0.11891891796875 0.29219858203125 0.115830115234375 0.28794326171875 0.1127413125 0.293617021484375 0.07799227734375 0.290780142578125 0.074903474609375 0.2950354609375
2 0.127413126953125 0.2950354609375 0.14749034765625 0.37730496484375 0.150579150390625 0.375886525390625 0.171428572265625 0.29219858203125 0.127413126953125 0.2950354609375
2 0.223938224609375 0.296453900390625 0.220077220703125 0.29219858203125 0.181467181640625 0.290780142578125 0.18069498046875 0.30212766015625 0.2023166015625 0.38014184375 0.223938224609375 0.296453900390625
2 0.272586873046875 0.31773049609375 0.276447876953125 0.293617021484375 0.233976833984375 0.2950354609375 0.23706563671875 0.31773049609375 0.25482625390625 0.38014184375 0.272586873046875 0.31773049609375
2 0.28571428515625 0.289361701171875 0.2872586875 0.30780141796875 0.307335908203125 0.375886525390625 0.32972973046875 0.2950354609375 0.28571428515625 0.289361701171875
2 0.35521235546875 0.365957447265625 0.359073359375 0.375886525390625 0.362162162109375 0.3744680859375 0.383011583984375 0.29219858203125 0.3382239375 0.293617021484375 0.33976833984375 0.310638298828125 0.35521235546875 0.365957447265625
2 0.393050193359375 0.310638298828125 0.41158301171875 0.378723404296875 0.41389961328125 0.37730496484375 0.436293435546875 0.29219858203125 0.39382239453125 0.29219858203125 0.391505791015625 0.293617021484375 0.393050193359375 0.310638298828125
1 0.395366794921875 0.41702127734375 0.34903475 0.401418439453125 0.344401544921875 0.40709219921875 0.33745173828125 0.49219858203125 0.387644787109375 0.50780141796875 0.395366794921875 0.41702127734375
0 0.228515625 0.2451171875 0.4267578125 0.111328125