2 0.615234375 0.787109375 0.62109375 0.80859375 0.62109375 0.818359375 0.625 0.828125 0.625 0.837890625 0.623046875 0.84375 0.619140625 0.84375 0.611328125 0.853515625 0.603515625 0.845703125 0.603515625 0.837890625 0.611328125 0.80859375 0.611328125 0.798828125 0.615234375 0.7890625
2 0.861328125 0.8515625 0.857421875 0.84765625 0.853515625 0.837890625 0.857421875 0.833984375 0.857421875 0.837890625 0.861328125 0.841796875 0.861328125 0.849609375
2 0.8203125 0.802734375 0.822265625 0.802734375 0.822265625 0.8125 0.830078125 0.841796875 0.828125 0.853515625 0.818359375 0.849609375 0.814453125 0.84375 0.814453125 0.828125 0.81640625 0.826171875 0.8203125 0.8046875
2 0.537109375 0.82421875 0.541015625 0.837890625 0.541015625 0.849609375 0.537109375 0.849609375 0.533203125 0.837890625 0.537109375 0.826171875
2 0.90234375 0.83984375 0.904296875 0.83984375 0.91015625 0.859375 0.91015625 0.865234375 0.8984375 0.865234375 0.8984375 0.853515625 0.90234375 0.84765625 0.90234375 0.841796875
2 0.08203125 0.830078125 0.0859375 0.841796875 0.0859375 0.8515625 0.08984375 0.861328125 0.08984375 0.8671875 0.076171875 0.8671875 0.076171875 0.853515625 0.08203125 0.83203125
2 0.1171875 0.859375 0.12109375 0.8671875 0.119140625 0.869140625 0.115234375 0.8671875 0.115234375 0.859375
2 0.640625 0.84375 0.005859375 0.01171875
2 0.8359375 0.83984375 0.83984375 0.841796875 0.83984375 0.849609375 0.8359375 0.853515625 0.833984375 0.8515625 0.8359375 0.841796875
2 0.138671875 0.810546875 0.14453125 0.826171875 0.14453125 0.8359375 0.1484375 0.845703125 0.146484375 0.849609375 0.142578125 0.849609375 0.138671875 0.853515625 0.13671875 0.8671875 0.130859375 0.8671875 0.12890625 0.865234375 0.134765625 0.84375 0.134765625 0.83203125 0.138671875 0.822265625 0.138671875 0.8125
2 0.80078125 0.82421875 0.8046875 0.8359375 0.8046875 0.845703125 0.80078125 0.849609375 0.796875 0.849609375 0.796875 0.83984375 0.80078125 0.826171875
2 0.30078125 0.830078125 0.306640625 0.84375 0.306640625 0.849609375 0.298828125 0.85546875 0.294921875 0.85546875 0.294921875 0.841796875 0.30078125 0.83203125
2 0.58984375 0.833984375 0.595703125 0.83984375 0.595703125 0.8515625 0.591796875 0.8515625 0.58984375 0.849609375 0.58984375 0.8359375
2 0.87890625 0.78515625 0.8828125 0.806640625 0.884765625 0.80859375 0.884765625 0.818359375 0.890625 0.8359375 0.890625 0.845703125 0.89453125 0.853515625 0.89453125 0.865234375 0.87890625 0.865234375 0.87890625 0.859375 0.875 0.8515625 0.869140625 0.849609375 0.8671875 0.845703125 0.87109375 0.8203125 0.873046875 0.818359375 0.873046875 0.80859375 0.87890625 0.787109375
2 0.333984375 0.83203125 0.3359375 0.8359375 0.3359375 0.8515625 0.33203125 0.853515625 0.33203125 0.837890625 0.333984375 0.833984375
2 0.34765625 0.830078125 0.349609375 0.830078125 0.353515625 0.841796875 0.3515625 0.853515625 0.349609375 0.85546875 0.345703125 0.853515625 0.34375 0.84375 0.34765625 0.83203125
2 0.556640625 0.8046875 0.55859375 0.8046875 0.55859375 0.814453125 0.5625 0.822265625 0.5625 0.833984375 0.564453125 0.8359375 0.564453125 0.849609375 0.556640625 0.8515625 0.55078125 0.845703125 0.55078125 0.83203125 0.552734375 0.830078125 0.552734375 0.8203125 0.556640625 0.806640625
2 0.572265625 0.841796875 0.576171875 0.84375 0.578125 0.849609375 0.576171875 0.853515625 0.572265625 0.853515625 0.5703125 0.8515625 0.5703125 0.845703125 0.572265625 0.84375
2 0.0625 0.8515625 0.064453125 0.8515625 0.064453125 0.869140625 0.05859375 0.869140625 0.05859375 0.86328125 0.0625 0.853515625
1 0.59470501953125 0.323110638671875 0.628240154296875 0.408973048828125 0.669057142578125 0.35298865234375 0.63794826171875 0.26478865234375 0.59470501953125 0.323110638671875
0 0.74609375 0.6015625 0.0654296875 0.064453125
0 0.5361328125 0.505859375 0.060546875 0.0625
0 0.220703125 0.6025390625 0.1708984375 0.0693359375