0 0.8798828125 0.5634765625 0.0654296875 0.046875
0 0.18359375 0.681640625 0.060546875 0.0986328125
2 1 0.669387755859375 0.991764705078125 0.642857142578125 0.988235294921875 0.638775509765625 0.985882353515625 0.644897958984375 0.9647058828125 0.72244898046875 1 0.7204081640625 1 0.669387755859375
2 0.9352941171875 0.638775509765625 0.911764705078125 0.72244898046875 0.9552941171875 0.72244898046875 0.956470587890625 0.70612244921875 0.9352941171875 0.638775509765625
2 0.88 0.638775509765625 0.85764705859375 0.7204081640625 0.90235294140625 0.72244898046875 0.90235294140625 0.7040816328125 0.88 0.638775509765625
2 0.82705882421875 0.636734693359375 0.803529412109375 0.72244898046875 0.85294117578125 0.72244898046875 0.8447058828125 0.68571428515625 0.82705882421875 0.636734693359375
2 0.77294117578125 0.638775509765625 0.751764705078125 0.71836734765625 0.79764705859375 0.7204081640625 0.78705882421875 0.67755101953125 0.77294117578125 0.638775509765625
2 0.7247058828125 0.646938775390625 0.718823529296875 0.640816326171875 0.69764705859375 0.7204081640625 0.74235294140625 0.72244898046875 0.74235294140625 0.708163265625 0.7247058828125 0.646938775390625
2 0.294117646484375 0.640816326171875 0.290588234375 0.640816326171875 0.269411765625 0.7204081640625 0.314117646484375 0.7204081640625 0.310588234375 0.69795918359375 0.294117646484375 0.640816326171875
2 0.23764705859375 0.638775509765625 0.2152941171875 0.7204081640625 0.26 0.72244898046875 0.256470587890625 0.69387755078125 0.23764705859375 0.638775509765625
2 0.10235294140625 0.6877551015625 0.09764705859375 0.70204081640625 0.10235294140625 0.7122448984375 0.10705882421875 0.708163265625 0.10705882421875 0.691836734375 0.10235294140625 0.6877551015625
2 0.085882353515625 0.708163265625 0.091764705078125 0.70612244921875 0.089411765625 0.68979591796875 0.085882353515625 0.708163265625
2 0.054117646484375 0.6877551015625 0.0447058828125 0.7122448984375 0.061176470703125 0.70612244921875 0.05764705859375 0.691836734375 0.054117646484375 0.6877551015625
1 0.634117646484375 0.5040816328125 0.603529412109375 0.573469388671875 0.6447058828125 0.626530611328125 0.67294117578125 0.565306123046875 0.67294117578125 0.553061224609375 0.634117646484375 0.5040816328125