0 0.366023166015625 0.194326240234375 0.344401544921875 0.23262411328125 0.331274130859375 0.263829787109375 0.367567568359375 0.3248226953125 0.4023166015625 0.258156029296875 0.366023166015625 0.194326240234375
1 0.892664091796875 0.621276595703125 0.890347490234375 0.628368794921875 0.871042470703125 0.699290779296875 0.8694980703125 0.710638298828125 0.91891891796875 0.709219857421875 0.895752896484375 0.62269503515625 0.892664091796875 0.621276595703125
1 0.126953125 0.630859375 0.1328125 0.650390625 0.134765625 0.669921875 0.138671875 0.6796875 0.138671875 0.693359375 0.130859375 0.697265625 0.123046875 0.6953125 0.115234375 0.68359375 0.123046875 0.65625 0.123046875 0.646484375 0.126953125 0.6328125
1 0.349609375 0.591796875 0.3515625 0.591796875 0.353515625 0.61328125 0.357421875 0.623046875 0.357421875 0.634765625 0.359375 0.63671875 0.361328125 0.65625 0.365234375 0.66796875 0.365234375 0.685546875 0.359375 0.6953125 0.3515625 0.6875 0.341796875 0.697265625 0.333984375 0.693359375 0.3359375 0.6640625 0.337890625 0.662109375 0.337890625 0.654296875 0.34375 0.6328125 0.34375 0.62109375 0.34765625 0.611328125 0.349609375 0.59375
1 0.29296875 0.6953125 0.29296875 0.685546875 0.298828125 0.6640625 0.30078125 0.6640625 0.30078125 0.677734375 0.302734375 0.6796875 0.3046875 0.693359375 0.302734375 0.6953125 0.294921875 0.6953125
1 0.150390625 0.6796875 0.154296875 0.6796875 0.154296875 0.689453125 0.1484375 0.69921875 0.146484375 0.697265625 0.146484375 0.689453125 0.150390625 0.681640625
1 0.1015625 0.685546875 0.10546875 0.689453125 0.10546875 0.6953125 0.103515625 0.6953125 0.1015625 0.693359375 0.1015625 0.6875
1 0.373046875 0.6640625 0.376953125 0.666015625 0.37890625 0.68359375 0.380859375 0.685546875 0.37890625 0.697265625 0.373046875 0.693359375 0.373046875 0.6796875 0.37109375 0.677734375 0.373046875 0.666015625
1 0.16796875 0.685546875 0.171875 0.689453125 0.171875 0.697265625 0.166015625 0.697265625 0.16796875 0.6875
1 0.32421875 0.642578125 0.326171875 0.642578125 0.333984375 0.671875 0.33203125 0.693359375 0.326171875 0.693359375 0.322265625 0.689453125 0.318359375 0.693359375 0.31640625 0.69140625 0.314453125 0.673828125 0.318359375 0.66796875 0.318359375 0.662109375 0.32421875 0.64453125
1 0.185546875 0.646484375 0.189453125 0.66796875 0.19140625 0.669921875 0.19140625 0.693359375 0.189453125 0.697265625 0.185546875 0.6953125 0.181640625 0.697265625 0.177734375 0.693359375 0.177734375 0.6796875 0.1796875 0.677734375 0.18359375 0.650390625 0.185546875 0.6484375
1 0.205078125 0.671875 0.2109375 0.685546875 0.2109375 0.693359375 0.203125 0.693359375 0.201171875 0.689453125 0.203125 0.673828125
1 0.439453125 0.611328125 0.443359375 0.63671875 0.4453125 0.638671875 0.4453125 0.6484375 0.44921875 0.658203125 0.44921875 0.671875 0.453125 0.677734375 0.453125 0.69140625 0.451171875 0.693359375 0.447265625 0.693359375 0.443359375 0.697265625 0.4375 0.693359375 0.42578125 0.693359375 0.42578125 0.6796875 0.4296875 0.671875 0.4296875 0.66015625 0.43359375 0.650390625 0.435546875 0.625 0.439453125 0.61328125
1 0.400390625 0.64453125 0.408203125 0.66015625 0.408203125 0.666015625 0.412109375 0.669921875 0.4140625 0.685546875 0.408203125 0.6953125 0.40234375 0.693359375 0.39453125 0.697265625 0.384765625 0.69140625 0.388671875 0.673828125 0.400390625 0.646484375
1 0.474609375 0.640625 0.482421875 0.6640625 0.482421875 0.671875 0.486328125 0.6796875 0.486328125 0.6953125 0.484375 0.697265625 0.48046875 0.6953125 0.478515625 0.685546875 0.474609375 0.6796875 0.470703125 0.68359375 0.470703125 0.69140625 0.466796875 0.6953125 0.462890625 0.693359375 0.462890625 0.681640625 0.466796875 0.673828125 0.46875 0.658203125 0.474609375 0.642578125