1 0.921875 0.234375 0.923828125 0.23828125 0.921875 0.240234375 0.921875 0.314453125 0.923828125 0.31640625 0.921875 0.32421875 0.896484375 0.298828125 0.888671875 0.294921875 0.875 0.28125 0.875 0.275390625 0.888671875 0.265625 0.908203125 0.244140625 0.919921875 0.236328125
1 0.857421875 0.673828125 0.859375 0.673828125 0.861328125 0.69140625 0.86328125 0.693359375 0.865234375 0.69140625 0.865234375 0.685546875 0.8671875 0.689453125 0.8671875 0.6953125 0.853515625 0.693359375 0.857421875 0.67578125
1 0.69921875 0.646484375 0.69921875 0.65234375 0.703125 0.66015625 0.703125 0.673828125 0.70703125 0.68359375 0.70703125 0.6875 0.703125 0.693359375 0.69921875 0.685546875 0.69140625 0.693359375 0.69140625 0.6796875 0.693359375 0.677734375 0.697265625 0.650390625 0.69921875 0.6484375
1 0.921875 0.13671875 0.921875 0.16015625 0.923828125 0.162109375 0.923828125 0.173828125 0.921875 0.17578125 0.921875 0.224609375 0.91796875 0.224609375 0.875 0.185546875 0.875 0.177734375 0.919921875 0.138671875
1 0.529296875 0.623046875 0.533203125 0.6328125 0.533203125 0.640625 0.537109375 0.6484375 0.537109375 0.658203125 0.54296875 0.669921875 0.544921875 0.68359375 0.552734375 0.70703125 0.55078125 0.708984375 0.505859375 0.708984375 0.505859375 0.69921875 0.515625 0.673828125 0.515625 0.666015625 0.521484375 0.65234375 0.521484375 0.646484375 0.525390625 0.63671875 0.525390625 0.626953125 0.52734375 0.625
1 0.619140625 0.685546875 0.619140625 0.6953125 0.6171875 0.697265625 0.61328125 0.6953125 0.61328125 0.6875 0.6171875 0.685546875
1 0.80859375 0.67578125 0.810546875 0.67578125 0.810546875 0.6875 0.8125 0.689453125 0.8125 0.697265625 0.806640625 0.69921875 0.80859375 0.677734375
1 0.94921875 0.623046875 0.953125 0.626953125 0.955078125 0.640625 0.962890625 0.66015625 0.966796875 0.681640625 0.97265625 0.697265625 0.97265625 0.708984375 0.9296875 0.708984375 0.927734375 0.70703125 0.927734375 0.69921875 0.931640625 0.693359375 0.931640625 0.685546875 0.9375 0.671875 0.939453125 0.658203125 0.9453125 0.646484375 0.94921875 0.625
1 0.841796875 0.673828125 0.84375 0.673828125 0.84375 0.677734375 0.849609375 0.6875 0.849609375 0.693359375 0.83984375 0.693359375 0.837890625 0.69140625 0.837890625 0.685546875 0.841796875 0.6796875 0.841796875 0.67578125
1 0.681640625 0.685546875 0.685546875 0.689453125 0.68359375 0.693359375 0.6796875 0.693359375 0.681640625 0.6875
1 0.474609375 0.623046875 0.478515625 0.626953125 0.48046875 0.64453125 0.490234375 0.669921875 0.494140625 0.693359375 0.498046875 0.701171875 0.498046875 0.708984375 0.453125 0.708984375 0.455078125 0.693359375 0.462890625 0.671875 0.462890625 0.6640625 0.466796875 0.65625 0.466796875 0.650390625 0.474609375 0.625
1 0.67578125 0.66796875 0.677734375 0.68359375 0.6796875 0.685546875 0.677734375 0.689453125 0.669921875 0.6875 0.673828125 0.669921875
1 0.794921875 0.673828125 0.798828125 0.685546875 0.798828125 0.693359375 0.796875 0.697265625 0.794921875 0.6953125 0.794921875 0.689453125 0.79296875 0.6875 0.79296875 0.677734375 0.794921875 0.67578125
1 0.2265625 0.337890625 0.234375 0.33203125 0.23828125 0.333984375 0.236328125 0.337890625 0.23828125 0.41796875 0.23046875 0.416015625 0.189453125 0.37890625 0.189453125 0.373046875 0.197265625 0.36328125 0.2265625 0.33984375
1 0.640625 0.62890625 0.64453125 0.642578125 0.64453125 0.65234375 0.6484375 0.66015625 0.6484375 0.669921875 0.65234375 0.6796875 0.65234375 0.6953125 0.646484375 0.693359375 0.64453125 0.689453125 0.63671875 0.69140625 0.6328125 0.681640625 0.6328125 0.666015625 0.634765625 0.6640625 0.634765625 0.654296875 0.638671875 0.646484375 0.640625 0.630859375
1 0.662109375 0.701171875 0.66015625 0.69921875 0.662109375 0.681640625 0.666015625 0.6796875 0.666015625 0.68359375 0.669921875 0.689453125 0.66796875 0.697265625 0.6640625 0.69921875
1 0.234375 0.234375 0.234375 0.25390625 0.236328125 0.255859375 0.234375 0.29296875 0.236328125 0.294921875 0.236328125 0.314453125 0.23828125 0.3203125 0.232421875 0.3203125 0.22265625 0.310546875 0.212890625 0.3046875 0.189453125 0.28125 0.189453125 0.275390625 0.205078125 0.259765625 0.220703125 0.248046875 0.22265625 0.244140625 0.234375 0.236328125
1 0.83203125 0.66796875 0.833984375 0.66796875 0.8359375 0.673828125 0.8359375 0.693359375 0.830078125 0.697265625 0.826171875 0.69140625 0.83203125 0.677734375 0.83203125 0.669921875
1 0.779296875 0.685546875 0.78125 0.6875 0.78125 0.69921875 0.775390625 0.701171875 0.771484375 0.697265625 0.77734375 0.6875
0 0.3662109375 0.6669921875 0.048828125 0.0966796875