2 0.658203125 0.9765625 0.66015625 0.98046875 0.66015625 0.994140625 0.662109375 0.99609375 0.662109375 0.998046875 0.654296875 0.998046875 0.654296875 0.990234375 0.658203125 0.978515625
2 0.7158203125 0.99609375 0.005859375 0.0068359375
2 0.376953125 0.943359375 0.37890625 0.947265625 0.37890625 0.9609375 0.3828125 0.970703125 0.3828125 0.984375 0.38671875 0.99609375 0.38671875 0.998046875 0.369140625 0.998046875 0.376953125 0.9453125
2 0.91796875 0.953125 0.91796875 0.962890625 0.921875 0.970703125 0.921875 0.984375 0.92578125 0.998046875 0.91015625 0.998046875 0.916015625 0.955078125
2 0.404296875 0.98828125 0.404296875 0.998046875 0.40234375 0.998046875 0.40234375 0.990234375
2 0.2890625 0.9765625 0.291015625 0.99609375 0.29296875 0.998046875 0.28515625 0.998046875 0.28515625 0.990234375 0.2890625 0.978515625
2 0.828125 0.93359375 0.83203125 0.962890625 0.8359375 0.974609375 0.8359375 0.984375 0.83984375 0.99609375 0.83984375 0.998046875 0.81640625 0.998046875 0.828125 0.935546875
2 0.3466796875 0.99609375 0.005859375 0.0087890625
2 0.876953125 0.986328125 0.87890625 0.986328125 0.8828125 0.99609375 0.8828125 0.998046875 0.875 0.998046875 0.876953125 0.98828125
2 0.828125 0.93359375 0.830078125 0.9375 0.830078125 0.94921875 0.83203125 0.951171875 0.83203125 0.962890625 0.8359375 0.97265625 0.8359375 0.984375 0.83984375 0.99609375 0.83984375 0.998046875 0.81640625 0.998046875 0.828125 0.935546875
2 0.7158203125 0.99609375 0.005859375 0.0068359375
2 0.74609375 0.943359375 0.748046875 0.943359375 0.748046875 0.95703125 0.75 0.958984375 0.751953125 0.984375 0.755859375 0.998046875 0.73828125 0.998046875 0.73828125 0.990234375 0.7421875 0.978515625 0.7421875 0.966796875 0.74609375 0.95703125 0.74609375 0.9453125
2 0.3466796875 0.99609375 0.005859375 0.0087890625
2 0.560546875 0.576171875 0.56640625 0.60546875 0.57421875 0.623046875 0.578125 0.650390625 0.58203125 0.65625 0.58203125 0.66796875 0.572265625 0.66796875 0.5703125 0.666015625 0.56640625 0.66796875 0.560546875 0.666015625 0.55859375 0.66796875 0.537109375 0.66796875 0.53515625 0.666015625 0.53515625 0.66015625 0.5390625 0.65234375 0.5390625 0.646484375 0.54296875 0.640625 0.54296875 0.6328125 0.546875 0.625 0.546875 0.6171875 0.55078125 0.609375 0.55078125 0.603515625 0.5546875 0.595703125 0.55859375 0.578125
2 0.771484375 0.990234375 0.7734375 0.990234375 0.7734375 0.998046875 0.771484375 0.998046875 0.771484375 0.9921875
2 0.953125 0.984375 0.955078125 0.998046875 0.94921875 0.998046875 0.951171875 0.986328125
2 0.802734375 0.984375 0.806640625 0.998046875 0.798828125 0.998046875 0.80078125 0.986328125
1 0.40154440234375 0.451063830078125 0.3667953671875 0.395744681640625 0.3613899609375 0.394326240234375 0.33204633203125 0.45957446875 0.332818533203125 0.469503546875 0.36911196875 0.523404255859375 0.38069498046875 0.503546099609375 0.40154440234375 0.451063830078125
0 0.4814453125 0.6953125 0.220703125 0.0654296875
0 0.771484375 0.7880859375 0.2744140625 0.0556640625
0 0.9296875 0.7900390625 0.0400390625 0.0390625
0 0.1923828125 0.72265625 0.1689453125 0.1181640625
0 0.0849609375 0.7197265625 0.048828125 0.078125