1 0.400772201171875 0.3446808515625 0.3868725859375 0.32765957421875 0.35521235546875 0.30212766015625 0.335135134765625 0.371631205078125 0.332818533203125 0.38297872265625 0.335135134765625 0.388652482421875 0.377606177734375 0.42695035546875 0.400772201171875 0.3446808515625
2 0.880308880859375 0.0751773046875 0.88571428515625 0.043971630859375 0.845559845703125 0.043971630859375 0.84478764453125 0.056737587890625 0.86254826171875 0.123404255859375 0.86563706640625 0.126241134765625 0.880308880859375 0.0751773046875
2 0.896525095703125 0.67234042578125 0.886486486328125 0.61276595703125 0.8795366796875 0.6397163125 0.872586873046875 0.683687943359375 0.880308880859375 0.68794326171875 0.89343629296875 0.68226950390625 0.896525095703125 0.67234042578125
2 0.86563706640625 0.676595744140625 0.871042470703125 0.676595744140625 0.8741312734375 0.66808510546875 0.8694980703125 0.6453900703125 0.86563706640625 0.653900708984375 0.85791505859375 0.679432625 0.859459458984375 0.686524822265625 0.86254826171875 0.686524822265625 0.86563706640625 0.676595744140625
2 0.847876447265625 0.6751773046875 0.847104248046875 0.686524822265625 0.857142857421875 0.6851063828125 0.85250965234375 0.65957446875 0.847876447265625 0.6751773046875
2 0.9305019296875 0.679432625 0.921235521484375 0.649645390625 0.91814671875 0.646808509765625 0.90888030859375 0.673758865234375 0.907335908203125 0.68226950390625 0.923552123046875 0.69787233984375 0.928957529296875 0.696453900390625 0.9305019296875 0.679432625
2 0.900386099609375 0.660992908203125 0.899613900390625 0.68226950390625 0.904247103515625 0.683687943359375 0.904247103515625 0.660992908203125 0.900386099609375 0.660992908203125
2 0.953667953125 0.686524822265625 0.9459459453125 0.62695035546875 0.942857142578125 0.628368794921875 0.9359073359375 0.66808510546875 0.93436293359375 0.68226950390625 0.9382239375 0.693617021484375 0.950579150390625 0.69219858203125 0.953667953125 0.686524822265625
2 0.969884169921875 0.646808509765625 0.966023166015625 0.648226951171875 0.956756755859375 0.686524822265625 0.972200771484375 0.689361701171875 0.979150580078125 0.6851063828125 0.969884169921875 0.646808509765625
2 0.98841698828125 0.683687943359375 0.9868725859375 0.670921986328125 0.983011583984375 0.66808510546875 0.98069498046875 0.68794326171875 0.984555984375 0.69219858203125 0.98841698828125 0.689361701171875 0.98841698828125 0.683687943359375
2 0.631660232421875 0.689361701171875 0.631660232421875 0.69787233984375 0.64478764453125 0.696453900390625 0.6386100390625 0.6751773046875 0.631660232421875 0.689361701171875
2 0.60386100390625 0.676595744140625 0.6023166015625 0.689361701171875 0.60540540625 0.696453900390625 0.606949806640625 0.6851063828125 0.60386100390625 0.676595744140625
2 0.584555984375 0.6851063828125 0.584555984375 0.693617021484375 0.593050193359375 0.6950354609375 0.589189189453125 0.673758865234375 0.584555984375 0.6851063828125
2 0.4177606171875 0.6751773046875 0.414671814453125 0.6751773046875 0.410810810546875 0.686524822265625 0.410038609375 0.6950354609375 0.414671814453125 0.699290779296875 0.422393822265625 0.69219858203125 0.4177606171875 0.6751773046875
2 0.379922779296875 0.683687943359375 0.38069498046875 0.699290779296875 0.385328185546875 0.689361701171875 0.383011583984375 0.676595744140625 0.379922779296875 0.683687943359375
2 0.366023166015625 0.6751773046875 0.366023166015625 0.696453900390625 0.37065637109375 0.696453900390625 0.37065637109375 0.68226950390625 0.366023166015625 0.6751773046875
0 0.548828125 0.44921875 0.0634765625 0.0517578125
0 0.6826171875 0.5478515625 0.115234375 0.0498046875
0 0.865234375 0.3505859375 0.0712890625 0.068359375
0 0.208984375 0.1181640625 0.3232421875 0.2353515625
0 0.2314453125 0.6201171875 0.27734375 0.2060546875
0 0.0712890625 0.56640625 0.0380859375 0.0703125
0 0.07421875 0.666015625 0.041015625 0.0751953125
0 0.865234375 0.01953125 0.05859375 0.0380859375