2 0.831660232421875 0.660992908203125 0.828571427734375 0.66241134765625 0.808494208984375 0.743262412109375 0.853281853515625 0.7446808515625 0.853281853515625 0.73758865234375 0.831660232421875 0.660992908203125
2 0.7305019296875 0.660992908203125 0.727413126953125 0.658156029296875 0.704247103515625 0.743262412109375 0.748262548828125 0.7446808515625 0.74749034765625 0.726241134765625 0.7305019296875 0.660992908203125
2 0.678764478515625 0.66241134765625 0.65791505859375 0.741843970703125 0.700386099609375 0.7446808515625 0.700386099609375 0.7347517734375 0.678764478515625 0.66241134765625
2 0.630115830078125 0.65957446875 0.606949806640625 0.74042553125 0.61158301171875 0.7446808515625 0.6486486484375 0.7446808515625 0.651737451171875 0.74042553125 0.6486486484375 0.723404255859375 0.630115830078125 0.65957446875
2 0.5822393828125 0.660992908203125 0.57837837890625 0.66241134765625 0.55752895703125 0.74042553125 0.59613899609375 0.7446808515625 0.6023166015625 0.743262412109375 0.6023166015625 0.736170212890625 0.5822393828125 0.660992908203125
2 0.406949806640625 0.71205673828125 0.389189189453125 0.743262412109375 0.42702702734375 0.7446808515625 0.42702702734375 0.74042553125 0.406949806640625 0.71205673828125
2 0.35521235546875 0.710638298828125 0.3359073359375 0.743262412109375 0.3768339765625 0.743262412109375 0.3667953671875 0.726241134765625 0.35521235546875 0.710638298828125
2 0.302702703125 0.71205673828125 0.28339768359375 0.7446808515625 0.323552123046875 0.7446808515625 0.31891891796875 0.7347517734375 0.302702703125 0.71205673828125
2 0.2486486484375 0.71205673828125 0.230115830078125 0.7446808515625 0.2694980703125 0.7446808515625 0.26795366796875 0.74042553125 0.2486486484375 0.71205673828125
2 0.195366794921875 0.71205673828125 0.1768339765625 0.7446808515625 0.2177606171875 0.7446808515625 0.2 0.713475177734375 0.195366794921875 0.71205673828125
2 0.142857142578125 0.710638298828125 0.12200772265625 0.7446808515625 0.1667953671875 0.7446808515625 0.14903475 0.7148936171875 0.142857142578125 0.710638298828125
2 0.09111969140625 0.71205673828125 0.07027026953125 0.7446808515625 0.111196912109375 0.746099291015625 0.113513513671875 0.7446808515625 0.111969111328125 0.74042553125 0.09111969140625 0.71205673828125
2 0.037837837890625 0.71205673828125 0.018532818359375 0.7446808515625 0.047876447265625 0.74751773046875 0.059459458984375 0.7446808515625 0.05791505859375 0.74042553125 0.037837837890625 0.71205673828125
1 0.6486486484375 0.248226951171875 0.6023166015625 0.276595744140625 0.616988416015625 0.365957447265625 0.66254826171875 0.34042553125 0.6640926640625 0.330496453125 0.66023166015625 0.3049645390625 0.6486486484375 0.248226951171875
0 0.77734375 0.65234375 0.05859375 0.193359375