2 0.5258687265625 0 0.54980694921875 0.096453900390625 0.55521235546875 0.08794326171875 0.574517375 0.0156028359375 0.576061775390625 0 0.5258687265625 0
2 0.657142857421875 0.201418439453125 0.63474903515625 0.280851064453125 0.6332046328125 0.289361701171875 0.639382240234375 0.290780142578125 0.6795366796875 0.28794326171875 0.657142857421875 0.201418439453125
2 0.031660232421875 0.951773048828125 0.039382240234375 0.951773048828125 0.044015443359375 0.9446808515625 0.044015443359375 0.93191489453125 0.02934362890625 0.846808509765625 0.023938224609375 0.8652482265625 0.0131274140625 0.93191489453125 0.015444015625 0.941843970703125 0.02702702734375 0.939007091796875 0.031660232421875 0.951773048828125
2 0 0.948936169921875 0.01158301171875 0.930496453125 0.004633205078125 0.899290779296875 0 0.899290779296875 0 0.948936169921875
2 0.053281853515625 0.91773049609375 0.05096525 0.923404255859375 0.047104248046875 0.9446808515625 0.05019305078125 0.953191490234375 0.05791505859375 0.9446808515625 0.053281853515625 0.91773049609375
2 0.08571428515625 0.941843970703125 0.0949806953125 0.946099291015625 0.0949806953125 0.936170212890625 0.0895752890625 0.930496453125 0.080308880859375 0.900709220703125 0.06795366796875 0.92765957421875 0.06795366796875 0.94042553125 0.071042470703125 0.946099291015625 0.084169884765625 0.948936169921875 0.08571428515625 0.941843970703125
2 0.128957529296875 0.93758865234375 0.11891891796875 0.86808510546875 0.115830115234375 0.86808510546875 0.1050193046875 0.92765957421875 0.102702703125 0.946099291015625 0.1050193046875 0.951773048828125 0.121235521484375 0.951773048828125 0.128957529296875 0.93758865234375
2 0.164478763671875 0.946099291015625 0.154440154296875 0.899290779296875 0.150579150390625 0.900709220703125 0.1382239375 0.946099291015625 0.13976833984375 0.951773048828125 0.154440154296875 0.953191490234375 0.164478763671875 0.946099291015625
2 0.1768339765625 0.930496453125 0.174517375 0.939007091796875 0.17837837890625 0.948936169921875 0.18069498046875 0.941843970703125 0.1768339765625 0.930496453125
2 0.328185328125 0.926241134765625 0.3204633203125 0.89787233984375 0.305791505859375 0.943262412109375 0.3050193046875 0.948936169921875 0.317374517578125 0.953191490234375 0.32432432421875 0.94042553125 0.328185328125 0.926241134765625
2 0.2949806953125 0.920567375 0.291891892578125 0.920567375 0.2895752890625 0.93758865234375 0.296525095703125 0.951773048828125 0.299613900390625 0.950354609375 0.2949806953125 0.920567375
2 0.359845560546875 0.9446808515625 0.359845560546875 0.926241134765625 0.34517374609375 0.8453900703125 0.338996138671875 0.8751773046875 0.3305019296875 0.920567375 0.33204633203125 0.939007091796875 0.34208494140625 0.948936169921875 0.359845560546875 0.9446808515625
2 0.36525096484375 0.936170212890625 0.366023166015625 0.953191490234375 0.375289576171875 0.948936169921875 0.369884169921875 0.91773049609375 0.36525096484375 0.936170212890625
2 0.39382239453125 0.900709220703125 0.381467181640625 0.93758865234375 0.383011583984375 0.950354609375 0.4131274140625 0.948936169921875 0.396911197265625 0.900709220703125 0.39382239453125 0.900709220703125
2 0.43474903515625 0.866666666015625 0.431660232421875 0.869503546875 0.420849419921875 0.9347517734375 0.42162162109375 0.951773048828125 0.44247104296875 0.94751773046875 0.446332046875 0.936170212890625 0.43474903515625 0.866666666015625
2 0.48108108203125 0.936170212890625 0.47027026953125 0.89787233984375 0.46254826171875 0.91773049609375 0.45482625390625 0.9446808515625 0.45637065625 0.950354609375 0.48108108203125 0.94751773046875 0.48108108203125 0.936170212890625
2 0.49343629296875 0.930496453125 0.492664091796875 0.9446808515625 0.496525095703125 0.94751773046875 0.496525095703125 0.9347517734375 0.49343629296875 0.930496453125
2 0.694208494140625 0.941843970703125 0.682625482421875 0.88794326171875 0.678764478515625 0.893617021484375 0.666409265625 0.948936169921875 0.682625482421875 0.956028369140625 0.691891892578125 0.950354609375 0.694208494140625 0.941843970703125
2 0.7413127421875 0.906382978515625 0.73745173828125 0.906382978515625 0.7305019296875 0.939007091796875 0.73745173828125 0.956028369140625 0.74749034765625 0.94751773046875 0.7413127421875 0.906382978515625
2 0.759073359375 0.926241134765625 0.756756755859375 0.933333333984375 0.755984556640625 0.94751773046875 0.758301158203125 0.950354609375 0.76293436328125 0.9347517734375 0.759073359375 0.926241134765625
2 0.851737451171875 0.94042553125 0.841698841796875 0.889361701171875 0.837837837890625 0.889361701171875 0.82934362890625 0.936170212890625 0.841698841796875 0.956028369140625 0.85096525 0.950354609375 0.851737451171875 0.94042553125
2 0.9050193046875 0.93758865234375 0.896525095703125 0.903546099609375 0.8872586875 0.948936169921875 0.892664091796875 0.956028369140625 0.902702703125 0.948936169921875 0.9050193046875 0.93758865234375
2 0.915830115234375 0.930496453125 0.91428571484375 0.953191490234375 0.922779921875 0.94751773046875 0.91814671875 0.926241134765625 0.915830115234375 0.930496453125
1 0.352123552734375 0.0851063828125 0.34749034765625 0.0851063828125 0.344401544921875 0.096453900390625 0.336679537109375 0.17304964453125 0.38610038671875 0.194326240234375 0.396911197265625 0.1049645390625 0.352123552734375 0.0851063828125
0 0.1279296875 0.6083984375 0.06640625 0.0576171875
0 0.2890625 0.412109375 0.0634765625 0.0693359375
0 0.4482421875 0.220703125 0.0673828125 0.064453125
0 0.60546875 0.318359375 0.171875 0.0810546875
0 0.84375 0.51171875 0.1171875 0.0615234375