0 0.6669921875 0.6376953125 0.052734375 0.26171875
0 0.451171875 0.685546875 0.05078125 0.1826171875
0 0.236328125 0.736328125 0.056640625 0.087890625
0 0.076171875 0.7353515625 0.041015625 0.078125
0 0.0224609375 0.708984375 0.021484375 0.0244140625
2 0.06235294140625 0.651020408203125 0.058823529296875 0.673469388671875 0.09294117578125 0.671428572265625 0.076470587890625 0.6122448984375 0.06235294140625 0.651020408203125
2 0.31294117578125 0.7 0.30235294140625 0.757142857421875 0.31764705859375 0.763265306640625 0.328235294921875 0.753061224609375 0.31294117578125 0.7
2 0.3647058828125 0.751020408203125 0.369411765625 0.765306123046875 0.38235294140625 0.757142857421875 0.37294117578125 0.71428571484375 0.3647058828125 0.751020408203125
2 0.505882353515625 0.744897958984375 0.49764705859375 0.7 0.488235294921875 0.742857142578125 0.48705882421875 0.753061224609375 0.494117646484375 0.761224490234375 0.505882353515625 0.744897958984375
2 0.5352941171875 0.759183673828125 0.5247058828125 0.744897958984375 0.51764705859375 0.761224490234375 0.5352941171875 0.759183673828125
2 0.549411765625 0.761224490234375 0.55294117578125 0.751020408203125 0.558823529296875 0.751020408203125 0.56 0.759183673828125 0.565882353515625 0.755102041015625 0.556470587890625 0.71836734765625 0.545882353515625 0.746938775390625 0.549411765625 0.761224490234375
2 0.6 0.757142857421875 0.588235294921875 0.671428572265625 0.574117646484375 0.742857142578125 0.57294117578125 0.757142857421875 0.57764705859375 0.761224490234375 0.6 0.757142857421875
2 0.62 0.761224490234375 0.62235294140625 0.753061224609375 0.611764705078125 0.71428571484375 0.6047058828125 0.757142857421875 0.610588234375 0.753061224609375 0.62 0.761224490234375
2 0.863529412109375 0.755102041015625 0.851764705078125 0.7 0.848235294921875 0.7040816328125 0.83764705859375 0.755102041015625 0.84 0.761224490234375 0.863529412109375 0.755102041015625
2 0.90705882421875 0.775510203125 0.9152941171875 0.775510203125 0.91764705859375 0.753061224609375 0.910588234375 0.71632653125 0.90705882421875 0.71836734765625 0.9 0.757142857421875 0.90705882421875 0.775510203125
2 0.92705882421875 0.740816326171875 0.9247058828125 0.765306123046875 0.930588234375 0.765306123046875 0.934117646484375 0.753061224609375 0.92705882421875 0.740816326171875
1 0.33294117578125 0.39795918359375 0.338823529296875 0.48571428515625 0.389411765625 0.473469388671875 0.381176470703125 0.38571428515625 0.33294117578125 0.39795918359375