0 0.8671875 0.3525390625 0.0556640625 0.185546875
0 0.8701171875 0.6240234375 0.0556640625 0.1904296875
0 0.26 0.67376734765625 0.84164705859375 0.672136734375 0.843529412109375 0.631346939453125 0.198823529296875 0.619924490234375 0.199764705078125 0.725979591796875 0.25764705859375 0.728979591796875 0.26 0.67376734765625
2 0.3847058828125 0.542857142578125 0.363529412109375 0.62244898046875 0.409411765625 0.62244898046875 0.390588234375 0.548979591796875 0.3847058828125 0.542857142578125
1 0.6376953125 0.5771484375 0.0546875 0.099609375
2 0.517578125 0.6796875 0.5234375 0.6953125 0.5234375 0.703125 0.521484375 0.705078125 0.517578125 0.705078125 0.513671875 0.69921875 0.513671875 0.689453125 0.517578125 0.681640625
2 0.708984375 0.681640625 0.7109375 0.681640625 0.7109375 0.6875 0.716796875 0.697265625 0.71484375 0.701171875 0.708984375 0.697265625 0.70703125 0.69140625 0.708984375 0.68359375
2 0.142578125 0.689453125 0.14453125 0.69140625 0.142578125 0.712890625 0.138671875 0.70703125 0.140625 0.69140625
2 0.09375 0.689453125 0.09375 0.693359375 0.09765625 0.69921875 0.09765625 0.70703125 0.08984375 0.71484375 0.083984375 0.71484375 0.083984375 0.708984375 0.091796875 0.69140625
2 0.6572265625 0.6875 0.009765625 0.0244140625
2 0.73828125 0.66796875 0.7421875 0.671875 0.7421875 0.677734375 0.74609375 0.685546875 0.74609375 0.6953125 0.748046875 0.697265625 0.74609375 0.69921875 0.740234375 0.697265625 0.732421875 0.69921875 0.724609375 0.6953125 0.7265625 0.671875 0.73046875 0.66796875 0.736328125 0.66796875
2 0.677734375 0.66796875 0.6796875 0.671875 0.6796875 0.68359375 0.68359375 0.689453125 0.68359375 0.693359375 0.6796875 0.69921875 0.673828125 0.69921875 0.66796875 0.693359375 0.669921875 0.673828125 0.67578125 0.66796875
2 0.46875 0.6796875 0.47265625 0.689453125 0.47265625 0.69921875 0.46484375 0.70703125 0.4609375 0.703125 0.4609375 0.697265625 0.466796875 0.6875 0.466796875 0.681640625
2 0.6943359375 0.6962890625 0.009765625 0.0126953125