2 0.85546875 0.76953125 0.865234375 0.73828125 0.869140625 0.736328125 0.875 0.75390625 0.87890625 0.7578125 0.87890625 0.7734375 0.876953125 0.77734375 0.869140625 0.78125 0.86328125 0.78125 0.859375 0.775390625 0.859375 0.771484375 0.857421875 0.76953125 0.85546875 0.7734375 0.853515625 0.771484375
2 0.89453125 0.75390625 0.896484375 0.755859375 0.896484375 0.763671875 0.900390625 0.76953125 0.900390625 0.787109375 0.90234375 0.791015625 0.89453125 0.787109375 0.892578125 0.783203125 0.888671875 0.783203125 0.888671875 0.76953125 0.892578125 0.76171875 0.892578125 0.755859375
2 0.9736328125 0.775390625 0.0185546875 0.048828125
2 0.939453125 0.787109375 0.935546875 0.77734375 0.935546875 0.763671875 0.9453125 0.734375 0.947265625 0.734375 0.94921875 0.75 0.953125 0.75390625 0.955078125 0.76953125 0.958984375 0.775390625 0.9609375 0.796875 0.9453125 0.796875 0.94140625 0.787109375
2 0.791015625 0.734375 0.794921875 0.736328125 0.794921875 0.7421875 0.802734375 0.759765625 0.802734375 0.7734375 0.798828125 0.779296875 0.794921875 0.779296875 0.791015625 0.78515625 0.78515625 0.78515625 0.779296875 0.78125 0.779296875 0.775390625 0.783203125 0.767578125 0.783203125 0.76171875 0.7890625 0.748046875 0.791015625 0.736328125
2 0.828125 0.703125 0.830078125 0.703125 0.830078125 0.708984375 0.83203125 0.7109375 0.833984375 0.734375 0.837890625 0.7421875 0.83984375 0.767578125 0.84375 0.77734375 0.841796875 0.78125 0.8359375 0.78125 0.833984375 0.77734375 0.833984375 0.765625 0.830078125 0.759765625 0.826171875 0.76171875 0.826171875 0.76953125 0.822265625 0.77734375 0.81640625 0.775390625 0.81640625 0.763671875 0.818359375 0.76171875 0.818359375 0.751953125 0.822265625 0.74609375 0.822265625 0.732421875 0.82421875 0.73046875 0.82421875 0.720703125 0.828125 0.712890625 0.828125 0.705078125
2 0.255859375 0.720703125 0.2578125 0.72265625 0.259765625 0.744140625 0.263671875 0.75 0.265625 0.76953125 0.267578125 0.771484375 0.267578125 0.783203125 0.265625 0.78515625 0.251953125 0.787109375 0.244140625 0.78125 0.244140625 0.76953125 0.248046875 0.76171875 0.248046875 0.75390625 0.25390625 0.736328125 0.25390625 0.724609375 0.255859375 0.72265625
2 0.919921875 0.685546875 0.919921875 0.693359375 0.923828125 0.69921875 0.923828125 0.708984375 0.92578125 0.7109375 0.92578125 0.72265625 0.931640625 0.7421875 0.93359375 0.76953125 0.9296875 0.78125 0.921875 0.787109375 0.91015625 0.783203125 0.90625 0.7890625 0.90234375 0.783203125 0.90234375 0.76953125 0.904296875 0.767578125 0.904296875 0.7578125 0.91015625 0.73828125 0.91015625 0.724609375 0.9140625 0.71875 0.916015625 0.6953125 0.919921875 0.6875
2 0.197265625 0.73828125 0.201171875 0.75 0.201171875 0.759765625 0.205078125 0.765625 0.205078125 0.77734375 0.20703125 0.779296875 0.205078125 0.78515625 0.203125 0.787109375 0.197265625 0.787109375 0.189453125 0.78125 0.189453125 0.76953125 0.19140625 0.767578125 0.1953125 0.740234375
2 0.658823529296875 0.342857142578125 0.634117646484375 0.428571427734375 0.681176470703125 0.428571427734375 0.67294117578125 0.38571428515625 0.658823529296875 0.342857142578125
2 0.498823529296875 0.62244898046875 0.4952941171875 0.626530611328125 0.476470587890625 0.70612244921875 0.521176470703125 0.70612244921875 0.50235294140625 0.632653060546875 0.498823529296875 0.62244898046875
0 0.65625 0.453125 0.060546875 0.0478515625
0 0.873046875 0.5458984375 0.0615234375 0.04296875
0 0.7646484375 0.638671875 0.064453125 0.052734375
0 0.3369140625 0.7548828125 0.0576171875 0.0888671875
0 0.12109375 0.703125 0.0654296875 0.185546875
0 0.53294117578125 0.75534898046875 0.629882353515625 0.74882244921875 0.62705882421875 0.807561224609375 0.688235294921875 0.812457142578125 0.690117646484375 0.70803265234375 0.468 0.703136734375 0.46705882421875 0.810824490234375 0.52705882421875 0.810612244140625 0.53294117578125 0.75534898046875
1 0.636470587890625 0.5877551015625 0.6047058828125 0.655102041015625 0.641176470703125 0.708163265625 0.671764705078125 0.655102041015625 0.67294117578125 0.640816326171875 0.636470587890625 0.5877551015625