0 0.8251953125 0.265625 0.32421875 0.0927734375
0 0.263671875 0.5849609375 0.0615234375 0.095703125
2 0.03294117578125 0.68163265234375 0.025882353515625 0.71428571484375 0.0752941171875 0.7122448984375 0.049411765625 0.628571427734375 0.03294117578125 0.68163265234375
2 0.243529412109375 0.5122448984375 0.24235294140625 0.530612244140625 0.28705882421875 0.526530611328125 0.2647058828125 0.444897958984375 0.243529412109375 0.5122448984375
2 0.508235294921875 0.7040816328125 0.508235294921875 0.71428571484375 0.556470587890625 0.7122448984375 0.53294117578125 0.628571427734375 0.508235294921875 0.7040816328125
2 0.67294117578125 0.31428571484375 0.670588234375 0.324489796875 0.694117646484375 0.3959183671875 0.716470587890625 0.31428571484375 0.67294117578125 0.31428571484375
2 0.76235294140625 0.3122448984375 0.723529412109375 0.3122448984375 0.7447058828125 0.3959183671875 0.768235294921875 0.3204081640625 0.76235294140625 0.3122448984375
2 0.8 0.39795918359375 0.82235294140625 0.3122448984375 0.77764705859375 0.3122448984375 0.8 0.39795918359375
2 0.831764705078125 0.3122448984375 0.830588234375 0.3204081640625 0.85294117578125 0.3959183671875 0.876470587890625 0.31428571484375 0.831764705078125 0.3122448984375
2 0.883529412109375 0.3122448984375 0.90705882421875 0.3959183671875 0.928235294921875 0.3122448984375 0.883529412109375 0.3122448984375
2 0.938823529296875 0.3122448984375 0.941176470703125 0.332653060546875 0.96235294140625 0.39387755078125 0.983529412109375 0.3122448984375 0.938823529296875 0.3122448984375
1 0.3352941171875 0.628571427734375 0.334117646484375 0.7122448984375 0.38705882421875 0.71020408203125 0.385882353515625 0.628571427734375 0.3352941171875 0.628571427734375