1 0.65019305078125 0.390070921875 0.6023166015625 0.4156028359375 0.616216216796875 0.5049645390625 0.644015443359375 0.493617021484375 0.647876447265625 0.516312056640625 0.65637065625 0.51773049609375 0.65482625390625 0.486524822265625 0.6640926640625 0.479432625 0.663320462890625 0.466666666015625 0.65019305078125 0.390070921875
2 0.800772201171875 0.539007091796875 0.796911197265625 0.536170212890625 0.775289576171875 0.614184396484375 0.775289576171875 0.62269503515625 0.82162162109375 0.62269503515625 0.810810810546875 0.5744680859375 0.800772201171875 0.539007091796875
2 0.16015625 0.65234375 0.173828125 0.685546875 0.173828125 0.701171875 0.169921875 0.703125 0.166015625 0.689453125 0.162109375 0.69140625 0.16015625 0.69921875 0.154296875 0.69921875 0.15234375 0.697265625 0.1484375 0.703125 0.142578125 0.701171875 0.158203125 0.654296875
2 0.4296875 0.677734375 0.431640625 0.6796875 0.431640625 0.693359375 0.43359375 0.697265625 0.42578125 0.693359375 0.427734375 0.69140625 0.427734375 0.6796875
2 0.44921875 0.65625 0.451171875 0.65625 0.451171875 0.66796875 0.455078125 0.67578125 0.455078125 0.685546875 0.458984375 0.6953125 0.45703125 0.703125 0.4453125 0.703125 0.44140625 0.6953125 0.4453125 0.68359375 0.447265625 0.66015625 0.44921875 0.658203125
2 0.2109375 0.599609375 0.2109375 0.60546875 0.21484375 0.615234375 0.21484375 0.626953125 0.21875 0.63671875 0.21875 0.6484375 0.22265625 0.658203125 0.224609375 0.68359375 0.2265625 0.685546875 0.224609375 0.69921875 0.21875 0.697265625 0.21875 0.69140625 0.21484375 0.685546875 0.2109375 0.689453125 0.205078125 0.703125 0.19921875 0.701171875 0.1953125 0.693359375 0.19921875 0.658203125 0.201171875 0.65625 0.201171875 0.642578125 0.208984375 0.61328125 0.208984375 0.6015625
2 0.12109375 0.6171875 0.123046875 0.619140625 0.123046875 0.630859375 0.126953125 0.640625 0.126953125 0.65234375 0.130859375 0.662109375 0.130859375 0.671875 0.1328125 0.673828125 0.134765625 0.6953125 0.13671875 0.697265625 0.13671875 0.70703125 0.134765625 0.708984375 0.125 0.701171875 0.119140625 0.703125 0.1171875 0.701171875 0.1171875 0.6953125 0.111328125 0.69140625 0.107421875 0.693359375 0.107421875 0.701171875 0.107421875 0.69140625 0.11328125 0.669921875 0.11328125 0.658203125 0.115234375 0.65625 0.12109375 0.619140625
2 0.76953125 0.681640625 0.7734375 0.69921875 0.76953125 0.708984375 0.765625 0.70703125 0.763671875 0.701171875 0.763671875 0.6953125 0.76953125 0.68359375
2 0.5078125 0.638671875 0.509765625 0.642578125 0.509765625 0.654296875 0.513671875 0.662109375 0.513671875 0.671875 0.517578125 0.681640625 0.517578125 0.69140625 0.51953125 0.693359375 0.517578125 0.703125 0.50390625 0.705078125 0.49609375 0.697265625 0.50390625 0.650390625 0.5078125 0.640625
2 0.060546875 0.681640625 0.0625 0.681640625 0.064453125 0.701171875 0.06640625 0.703125 0.064453125 0.708984375 0.060546875 0.7109375 0.056640625 0.708984375 0.060546875 0.68359375
2 0.0859375 0.650390625 0.08984375 0.658203125 0.08984375 0.6640625 0.09375 0.669921875 0.09375 0.677734375 0.09765625 0.685546875 0.099609375 0.69921875 0.09765625 0.703125 0.091796875 0.703125 0.0859375 0.708984375 0.0859375 0.71484375 0.08203125 0.71875 0.072265625 0.71875 0.0703125 0.71484375 0.072265625 0.6953125 0.0859375 0.65234375
2 0.71875 0.68359375 0.72265625 0.685546875 0.7265625 0.697265625 0.7265625 0.703125 0.71484375 0.70703125 0.71484375 0.6953125 0.71875 0.685546875
2 0.75390625 0.685546875 0.755859375 0.689453125 0.755859375 0.703125 0.751953125 0.705078125 0.751953125 0.6875
2 0.236328125 0.6484375 0.240234375 0.666015625 0.24609375 0.6796875 0.248046875 0.69921875 0.236328125 0.703125 0.228515625 0.693359375 0.228515625 0.673828125 0.232421875 0.666015625 0.234375 0.650390625
2 0.46484375 0.693359375 0.46875 0.6953125 0.46875 0.703125 0.46484375 0.705078125 0.462890625 0.703125 0.46484375 0.6953125
2 0.181640625 0.703125 0.1796875 0.6953125 0.181640625 0.693359375 0.18359375 0.673828125 0.185546875 0.671875 0.1875 0.671875 0.189453125 0.6875 0.19140625 0.689453125 0.19140625 0.703125 0.189453125 0.705078125 0.18359375 0.703125
2 0.482421875 0.685546875 0.484375 0.685546875 0.48828125 0.693359375 0.48828125 0.701171875 0.486328125 0.701171875 0.48046875 0.693359375 0.482421875 0.6875
2 0.26171875 0.669921875 0.263671875 0.669921875 0.265625 0.6875 0.26171875 0.701171875 0.255859375 0.703125 0.2578125 0.68359375 0.26171875 0.671875
0 0.904296875 0.6455078125 0.0478515625 0.0546875
0 0.9541015625 0.6767578125 0.0322265625 0.0517578125
0 0.3740234375 0.4541015625 0.068359375 0.068359375
0 0.162109375 0.3623046875 0.0615234375 0.07421875
0 0.6723660234375 0.679521986328125 0.878874904296875 0.68114326171875 0.879757529296875 0.617960283203125 0.6097073359375 0.6114808515625 0.6097073359375 0.723263830078125 0.669057142578125 0.721782978515625 0.6723660234375 0.679521986328125