2 0.48108108203125 0.194326240234375 0.502702703125 0.279432625 0.522779921875 0.214184396484375 0.5258687265625 0.194326240234375 0.48108108203125 0.194326240234375
2 0.3768339765625 0.293617021484375 0.3976833984375 0.375886525390625 0.415444015625 0.31773049609375 0.420077220703125 0.296453900390625 0.418532818359375 0.29219858203125 0.3768339765625 0.293617021484375
2 0.98841698828125 0.696453900390625 0.984555984375 0.689361701171875 0.975289576171875 0.7546099296875 0.995366794921875 0.75744680859375 0.9976833984375 0.7546099296875 0.99613899609375 0.743262412109375 0.98841698828125 0.696453900390625
2 0.956756755859375 0.733333333984375 0.94903475 0.748936169921875 0.953667953125 0.7602836875 0.96911196875 0.7546099296875 0.964478763671875 0.7446808515625 0.956756755859375 0.733333333984375
2 0.9305019296875 0.709219857421875 0.92664092578125 0.70780141796875 0.91814671875 0.74751773046875 0.932818533203125 0.74751773046875 0.935135134765625 0.726241134765625 0.9305019296875 0.709219857421875
2 0.897297296875 0.656737587890625 0.88339768359375 0.746099291015625 0.8949806953125 0.750354609375 0.908108107421875 0.74751773046875 0.90888030859375 0.720567375 0.897297296875 0.656737587890625
2 0.8694980703125 0.7049645390625 0.86254826171875 0.74751773046875 0.866409265625 0.74751773046875 0.871042470703125 0.733333333984375 0.877220078125 0.74751773046875 0.880308880859375 0.741843970703125 0.87335907421875 0.7049645390625 0.8694980703125 0.7049645390625
2 0.79382239453125 0.690780142578125 0.784555984375 0.733333333984375 0.785328185546875 0.746099291015625 0.79382239453125 0.753191490234375 0.808494208984375 0.7446808515625 0.7976833984375 0.68794326171875 0.79382239453125 0.690780142578125
2 0.7382239375 0.700709220703125 0.728957529296875 0.743262412109375 0.7382239375 0.7546099296875 0.74208494140625 0.7546099296875 0.7459459453125 0.743262412109375 0.740540541015625 0.710638298828125 0.7382239375 0.700709220703125
2 0.637837837890625 0.71205673828125 0.632432431640625 0.741843970703125 0.633976833984375 0.753191490234375 0.637837837890625 0.7546099296875 0.64247104296875 0.7446808515625 0.64247104296875 0.7347517734375 0.637837837890625 0.71205673828125
2 0.616216216796875 0.689361701171875 0.608494208984375 0.729078013671875 0.61389961328125 0.748936169921875 0.61930501953125 0.750354609375 0.625482625 0.743262412109375 0.623938224609375 0.726241134765625 0.616216216796875 0.689361701171875
2 0.55752895703125 0.706382978515625 0.550579150390625 0.7446808515625 0.55752895703125 0.74042553125 0.5613899609375 0.748936169921875 0.568339767578125 0.748936169921875 0.569884169921875 0.741843970703125 0.560617759765625 0.70780141796875 0.55752895703125 0.706382978515625
2 0.58841698828125 0.733333333984375 0.579150580078125 0.7446808515625 0.583011583984375 0.751773048828125 0.596911197265625 0.751773048828125 0.596911197265625 0.74751773046875 0.58841698828125 0.733333333984375
2 0.52972973046875 0.660992908203125 0.52664092578125 0.656737587890625 0.515057916015625 0.730496453125 0.515830115234375 0.743262412109375 0.52664092578125 0.751773048828125 0.540540541015625 0.750354609375 0.54208494140625 0.741843970703125 0.5382239375 0.713475177734375 0.52972973046875 0.660992908203125
2 0.501930501953125 0.70212766015625 0.492664091796875 0.743262412109375 0.494208494140625 0.750354609375 0.503474904296875 0.74042553125 0.505791505859375 0.746099291015625 0.509652509765625 0.7446808515625 0.505791505859375 0.7148936171875 0.501930501953125 0.70212766015625
2 0.48108108203125 0.739007091796875 0.476447876953125 0.748936169921875 0.48571428515625 0.748936169921875 0.484942083984375 0.74042553125 0.48108108203125 0.739007091796875
2 0.315057916015625 0.69787233984375 0.311969111328125 0.699290779296875 0.3050193046875 0.7248226953125 0.30656370703125 0.739007091796875 0.311196912109375 0.74751773046875 0.31891891796875 0.7446808515625 0.319691119140625 0.716312056640625 0.315057916015625 0.69787233984375
2 0.2872586875 0.646808509765625 0.271814671875 0.726241134765625 0.271042470703125 0.743262412109375 0.282625482421875 0.751773048828125 0.2872586875 0.743262412109375 0.301930501953125 0.746099291015625 0.3050193046875 0.741843970703125 0.303474904296875 0.72765957421875 0.2872586875 0.646808509765625
2 0.26254826171875 0.716312056640625 0.25791505859375 0.746099291015625 0.266409265625 0.751773048828125 0.2694980703125 0.74042553125 0.26563706640625 0.723404255859375 0.26254826171875 0.716312056640625
2 0.22934362890625 0.719148935546875 0.22702702734375 0.733333333984375 0.232432431640625 0.7446808515625 0.24247104296875 0.74751773046875 0.246332046875 0.743262412109375 0.249420849609375 0.726241134765625 0.2386100390625 0.699290779296875 0.22934362890625 0.719148935546875
2 0.1976833984375 0.66808510546875 0.1868725859375 0.729078013671875 0.19459459375 0.751773048828125 0.20154440234375 0.746099291015625 0.206949806640625 0.750354609375 0.214671814453125 0.74751773046875 0.200772201171875 0.666666666015625 0.1976833984375 0.66808510546875
2 0.162162162109375 0.69787233984375 0.152895751953125 0.73191489453125 0.152895751953125 0.746099291015625 0.176061775390625 0.751773048828125 0.1768339765625 0.743262412109375 0.16525096484375 0.69787233984375 0.162162162109375 0.69787233984375
1 0.6231660234375 0.23687943359375 0.6 0.320567375 0.644015443359375 0.361702126953125 0.667181466796875 0.283687943359375 0.664864865234375 0.276595744140625 0.6231660234375 0.23687943359375
0 0.818359375 0.50390625 0.064453125 0.0537109375
0 0.609375 0.4052734375 0.0615234375 0.068359375
0 0.50390625 0.5009765625 0.0693359375 0.0693359375
0 0.373046875 0.6708984375 0.115234375 0.208984375
0 0.50390625 0.1416015625 0.0693359375 0.1201171875
0 0.396484375 0.236328125 0.076171875 0.1279296875
0 0.185546875 0.4091796875 0.0693359375 0.0673828125
0 0.0322265625 0.2099609375 0.064453125 0.048828125