0 0.22702702734375 0.618439716796875 0.1768339765625 0.621276595703125 0.176061775390625 0.706382978515625 0.17837837890625 0.710638298828125 0.227799228515625 0.709219857421875 0.22702702734375 0.618439716796875
1 0.4795366796875 0.67801418359375 0.474903474609375 0.709219857421875 0.5204633203125 0.70780141796875 0.498069498046875 0.61985815625 0.4795366796875 0.67801418359375
1 0.579922779296875 0.680851064453125 0.58069498046875 0.696453900390625 0.589961390625 0.690780142578125 0.584555984375 0.65957446875 0.579922779296875 0.680851064453125
1 0.610038609375 0.69219858203125 0.618532818359375 0.68794326171875 0.620077220703125 0.67234042578125 0.612355212890625 0.6397163125 0.60926641015625 0.641134751953125 0.59845559765625 0.67801418359375 0.595366794921875 0.69219858203125 0.5976833984375 0.693617021484375 0.606949806640625 0.6851063828125 0.610038609375 0.69219858203125
1 0.639382240234375 0.69219858203125 0.65250965234375 0.689361701171875 0.65250965234375 0.6751773046875 0.63706563671875 0.590070921875 0.626254826171875 0.63687943359375 0.62162162109375 0.663829787109375 0.623938224609375 0.68794326171875 0.636293435546875 0.683687943359375 0.639382240234375 0.69219858203125
1 0.666409265625 0.6851063828125 0.661003861328125 0.65957446875 0.65637065625 0.6751773046875 0.6540540546875 0.68794326171875 0.657142857421875 0.69787233984375 0.664864865234375 0.6950354609375 0.666409265625 0.6851063828125
1 0.6872586875 0.693617021484375 0.702702703125 0.69219858203125 0.688803087890625 0.643971630859375 0.684169884765625 0.6453900703125 0.6741312734375 0.673758865234375 0.671814671875 0.68794326171875 0.674903474609375 0.6950354609375 0.68185328125 0.679432625 0.6872586875 0.693617021484375
1 0.73745173828125 0.69219858203125 0.740540541015625 0.6851063828125 0.72432432421875 0.60709219921875 0.711969111328125 0.6751773046875 0.711969111328125 0.693617021484375 0.719691119140625 0.689361701171875 0.722779921875 0.679432625 0.73745173828125 0.69219858203125
1 0.7613899609375 0.6397163125 0.748262548828125 0.67801418359375 0.74749034765625 0.6851063828125 0.7613899609375 0.6950354609375 0.77297297265625 0.68794326171875 0.7613899609375 0.6397163125
1 0.784555984375 0.676595744140625 0.783783783203125 0.689361701171875 0.7868725859375 0.690780142578125 0.78841698828125 0.680851064453125 0.784555984375 0.676595744140625
1 0.922779921875 0.666666666015625 0.91814671875 0.663829787109375 0.915830115234375 0.670921986328125 0.913513513671875 0.69219858203125 0.92200772265625 0.699290779296875 0.9258687265625 0.693617021484375 0.922779921875 0.666666666015625
1 0.942857142578125 0.638297873046875 0.938996138671875 0.63687943359375 0.93436293359375 0.660992908203125 0.93204633203125 0.68794326171875 0.93745173828125 0.693617021484375 0.94980694921875 0.689361701171875 0.942857142578125 0.638297873046875
1 0.979922779296875 0.699290779296875 0.98069498046875 0.693617021484375 0.97297297265625 0.67801418359375 0.96525096484375 0.68226950390625 0.962162162109375 0.689361701171875 0.964478763671875 0.6950354609375 0.9768339765625 0.7049645390625 0.979922779296875 0.699290779296875
1 0.99459459375 0.656737587890625 0.987644787109375 0.683687943359375 0.987644787109375 0.696453900390625 0.999227798828125 0.700709220703125 0.999227798828125 0.651063830078125 0.99459459375 0.656737587890625