2 0.076171875 0.234375 0.08984375 0.244140625 0.109375 0.265625 0.123046875 0.275390625 0.123046875 0.28125 0.109375 0.294921875 0.1015625 0.298828125 0.076171875 0.32421875 0.07421875 0.3203125 0.076171875 0.314453125 0.076171875 0.240234375 0.07421875 0.23828125 0.076171875 0.236328125
2 0.138671875 0.673828125 0.140625 0.673828125 0.14453125 0.693359375 0.130859375 0.6953125 0.1328125 0.685546875 0.1328125 0.69140625 0.134765625 0.693359375 0.13671875 0.69140625 0.138671875 0.67578125
2 0.298828125 0.646484375 0.302734375 0.669921875 0.306640625 0.6796875 0.306640625 0.693359375 0.298828125 0.685546875 0.294921875 0.693359375 0.291015625 0.6875 0.294921875 0.673828125 0.294921875 0.66015625 0.298828125 0.6484375
2 0.076171875 0.13671875 0.123046875 0.177734375 0.123046875 0.185546875 0.080078125 0.224609375 0.076171875 0.224609375 0.076171875 0.17578125 0.07421875 0.173828125 0.076171875 0.138671875
2 0.46875 0.623046875 0.47265625 0.626953125 0.47265625 0.63671875 0.482421875 0.666015625 0.482421875 0.673828125 0.4921875 0.69921875 0.4921875 0.708984375 0.447265625 0.708984375 0.4453125 0.70703125 0.453125 0.68359375 0.455078125 0.669921875 0.4609375 0.658203125 0.4609375 0.6484375 0.46484375 0.640625 0.466796875 0.625
2 0.3837890625 0.6904296875 0.0078125 0.015625
2 0.1875 0.67578125 0.189453125 0.67578125 0.189453125 0.6875 0.19140625 0.689453125 0.19140625 0.69921875 0.185546875 0.697265625 0.1875 0.677734375
2 0.046875 0.623046875 0.048828125 0.623046875 0.052734375 0.646484375 0.056640625 0.65234375 0.060546875 0.671875 0.06640625 0.685546875 0.06640625 0.693359375 0.0703125 0.69921875 0.0703125 0.70703125 0.068359375 0.708984375 0.025390625 0.708984375 0.025390625 0.697265625 0.03125 0.681640625 0.03125 0.673828125 0.046875 0.625
2 0.154296875 0.673828125 0.15625 0.673828125 0.15625 0.6796875 0.16015625 0.685546875 0.16015625 0.69140625 0.158203125 0.693359375 0.1484375 0.693359375 0.1484375 0.6875 0.154296875 0.67578125
2 0.314453125 0.685546875 0.318359375 0.689453125 0.318359375 0.693359375 0.314453125 0.693359375 0.3125 0.69140625 0.314453125 0.6875
2 0.521484375 0.623046875 0.5234375 0.623046875 0.525390625 0.62890625 0.53125 0.65625 0.53515625 0.6640625 0.53515625 0.671875 0.544921875 0.701171875 0.544921875 0.708984375 0.5 0.708984375 0.5 0.701171875 0.50390625 0.693359375 0.5078125 0.669921875 0.517578125 0.64453125 0.51953125 0.626953125 0.521484375 0.625
2 0.322265625 0.66796875 0.326171875 0.673828125 0.326171875 0.68359375 0.328125 0.685546875 0.32421875 0.689453125 0.3203125 0.689453125 0.318359375 0.685546875 0.3203125 0.68359375 0.322265625 0.669921875
2 0.203125 0.673828125 0.205078125 0.677734375 0.203125 0.6953125 0.201171875 0.697265625 0.19921875 0.693359375 0.201171875 0.67578125
2 0.771484375 0.337890625 0.775390625 0.34375 0.783203125 0.34765625 0.787109375 0.353515625 0.80078125 0.36328125 0.80859375 0.373046875 0.80859375 0.37890625 0.7890625 0.3984375 0.763671875 0.41796875 0.759765625 0.41796875 0.759765625 0.373046875 0.76171875 0.37109375 0.76171875 0.337890625 0.759765625 0.333984375 0.763671875 0.33203125 0.76953125 0.337890625
2 0.357421875 0.62890625 0.359375 0.646484375 0.36328125 0.654296875 0.36328125 0.6640625 0.365234375 0.666015625 0.365234375 0.681640625 0.361328125 0.69140625 0.353515625 0.689453125 0.3515625 0.693359375 0.345703125 0.6953125 0.345703125 0.6796875 0.349609375 0.669921875 0.349609375 0.66015625 0.353515625 0.65234375 0.353515625 0.642578125 0.357421875 0.630859375
2 0.33203125 0.6796875 0.3359375 0.681640625 0.3359375 0.6875 0.337890625 0.689453125 0.337890625 0.69921875 0.3359375 0.701171875 0.330078125 0.697265625 0.328125 0.689453125 0.33203125 0.681640625
2 0.763671875 0.234375 0.765625 0.23828125 0.775390625 0.244140625 0.77734375 0.248046875 0.79296875 0.259765625 0.80859375 0.275390625 0.80859375 0.28125 0.78515625 0.3046875 0.775390625 0.310546875 0.765625 0.3203125 0.759765625 0.3203125 0.76171875 0.314453125 0.76171875 0.294921875 0.763671875 0.29296875 0.763671875 0.283203125 0.76171875 0.28125 0.76171875 0.275390625 0.763671875 0.2734375 0.76171875 0.26953125 0.763671875 0.236328125
2 0.1640625 0.66796875 0.166015625 0.66796875 0.166015625 0.677734375 0.171875 0.69140625 0.16796875 0.697265625 0.162109375 0.693359375 0.162109375 0.673828125 0.1640625 0.669921875
2 0.21875 0.685546875 0.2265625 0.697265625 0.22265625 0.701171875 0.21875 0.701171875 0.216796875 0.69921875 0.216796875 0.6875
1 0.6337890625 0.6669921875 0.048828125 0.0966796875
0 0.734375 0.330078125 0.0712890625 0.216796875
0 0.9453125 0.6201171875 0.072265625 0.2138671875
0 0.416015625 0.6650390625 0.0615234375 0.11328125
0 0.259765625 0.5634765625 0.0654296875 0.2958984375
0 0.103515625 0.6640625 0.0576171875 0.111328125
0 0.048828125 0.23046875 0.0595703125 0.220703125