2 0.436293435546875 0.28794326171875 0.412355212890625 0.375886525390625 0.457142857421875 0.37730496484375 0.457142857421875 0.358865248046875 0.436293435546875 0.28794326171875
2 0.488030888671875 0.28794326171875 0.464864865234375 0.375886525390625 0.507335908203125 0.38014184375 0.511969111328125 0.37730496484375 0.50888030859375 0.35744680859375 0.488030888671875 0.28794326171875
2 0.383783783203125 0.289361701171875 0.369884169921875 0.330496453125 0.3613899609375 0.375886525390625 0.40386100390625 0.375886525390625 0.39845559765625 0.34042553125 0.383783783203125 0.289361701171875
2 0.33204633203125 0.289361701171875 0.328957529296875 0.28794326171875 0.305791505859375 0.3744680859375 0.352895751953125 0.375886525390625 0.3459459453125 0.341843970703125 0.33204633203125 0.289361701171875
2 0.0949806953125 0.300709220703125 0.07567567578125 0.368794326171875 0.113513513671875 0.368794326171875 0.108108107421875 0.343262412109375 0.0949806953125 0.300709220703125
2 0.044015443359375 0.320567375 0.040154439453125 0.319148935546875 0.0332046328125 0.34751773046875 0.0486486484375 0.348936169921875 0.0486486484375 0.339007091796875 0.044015443359375 0.320567375
2 0.863320462890625 0.82695035546875 0.85791505859375 0.84255319140625 0.859459458984375 0.853900708984375 0.8694980703125 0.841134751953125 0.867181466796875 0.829787234375 0.863320462890625 0.82695035546875
2 0.909652509765625 0.82695035546875 0.90656370703125 0.838297873046875 0.911969111328125 0.856737587890625 0.91814671875 0.853900708984375 0.9127413125 0.829787234375 0.909652509765625 0.82695035546875
1 0.64478764453125 0.256737587890625 0.600772201171875 0.299290779296875 0.61930501953125 0.375886525390625 0.6231660234375 0.38014184375 0.664864865234375 0.343262412109375 0.66563706640625 0.3347517734375 0.64478764453125 0.256737587890625
0 0.3583984375 0.625 0.4853515625 0.5
0 0.0927734375 0.431640625 0.0546875 0.0810546875
0 0.0927734375 0.52734375 0.0458984375 0.0810546875
0 0.091796875 0.6279296875 0.0517578125 0.0673828125
0 0.09375 0.7177734375 0.041015625 0.0849609375
0 0.0927734375 0.8193359375 0.0478515625 0.0859375
0 0.041015625 0.431640625 0.0234375 0.0556640625
0 0.041015625 0.5302734375 0.025390625 0.0390625
0 0.041015625 0.6298828125 0.02734375 0.03515625
0 0.0390625 0.71875 0.0302734375 0.0546875