1 0.63706563671875 0.609929078125 0.625482625 0.62269503515625 0.59845559765625 0.66808510546875 0.59845559765625 0.6751773046875 0.62934362890625 0.74042553125 0.6640926640625 0.690780142578125 0.66795366796875 0.680851064453125 0.667181466796875 0.67234042578125 0.63706563671875 0.609929078125
2 0.090347490234375 0.58014184375 0.08571428515625 0.5843971640625 0.10656370703125 0.663829787109375 0.109652509765625 0.663829787109375 0.1305019296875 0.58723404296875 0.1305019296875 0.581560283203125 0.117374517578125 0.58014184375 0.090347490234375 0.58014184375
2 0.771428572265625 0.38723404296875 0.79382239453125 0.473758865234375 0.815444015625 0.388652482421875 0.771428572265625 0.38723404296875
2 0.87027026953125 0.9446808515625 0.8617760625 0.998581560546875 0.878764478515625 0.998581560546875 0.877220078125 0.978723404296875 0.87027026953125 0.9446808515625
2 0.95521235546875 0.998581560546875 0.963706564453125 0.998581560546875 0.960617759765625 0.97730496484375 0.95521235546875 0.998581560546875
2 0.603088802734375 0.9843971640625 0.599227798828125 0.998581560546875 0.6077220078125 0.998581560546875 0.60617760546875 0.990070921875 0.603088802734375 0.9843971640625
2 0.57837837890625 0.9347517734375 0.5667953671875 0.998581560546875 0.589961390625 0.998581560546875 0.589189189453125 0.991489361328125 0.57837837890625 0.9347517734375
2 0.5258687265625 0.988652482421875 0.522779921875 0.998581560546875 0.53204633203125 0.998581560546875 0.5305019296875 0.99290780078125 0.5258687265625 0.988652482421875
2 0.491891892578125 0.961702126953125 0.488030888671875 0.9546099296875 0.48108108203125 0.998581560546875 0.498069498046875 0.998581560546875 0.497297296875 0.99290780078125 0.491891892578125 0.961702126953125
2 0.453281853515625 0.985815603515625 0.45019305078125 0.998581560546875 0.45791505859375 0.998581560546875 0.457142857421875 0.994326240234375 0.453281853515625 0.985815603515625
2 0.39459459375 0.998581560546875 0.40540540625 0.998581560546875 0.40154440234375 0.9744680859375 0.39459459375 0.998581560546875
2 0.34208494140625 0.990070921875 0.33976833984375 0.998581560546875 0.344401544921875 0.998581560546875 0.34362934375 0.99290780078125 0.34208494140625 0.990070921875
2 0.84247104296875 0.998581560546875 0.847104248046875 0.998581560546875 0.846332046875 0.990070921875 0.84247104296875 0.998581560546875
2 0.179150580078125 0.988652482421875 0.177606177734375 0.998581560546875 0.184555984375 0.998581560546875 0.183011583984375 0.988652482421875 0.179150580078125 0.988652482421875
2 0.15521235546875 0.936170212890625 0.144401544921875 0.998581560546875 0.167567568359375 0.998581560546875 0.16293436328125 0.965957447265625 0.15521235546875 0.936170212890625
2 0.105791505859375 0.988652482421875 0.10115830078125 0.998581560546875 0.109652509765625 0.998581560546875 0.10888030859375 0.994326240234375 0.105791505859375 0.988652482421875
2 0.06795366796875 0.953191490234375 0.0586872578125 0.998581560546875 0.074903474609375 0.998581560546875 0.071814671875 0.9744680859375 0.06795366796875 0.953191490234375
2 0.030115830078125 0.98723404296875 0.027799228515625 0.998581560546875 0.036293435546875 0.998581560546875 0.0332046328125 0.98723404296875 0.030115830078125 0.98723404296875
2 0.89829034765625 0.381432625 0.9238833984375 0.2861191484375 0.87710965234375 0.28584964453125 0.89829034765625 0.381432625
0 0.1064453125 0.5234375 0.0615234375 0.1142578125
0 0.1064453125 0.8916015625 0.0634765625 0.0595703125
0 0.2412109375 0.880859375 0.1142578125 0.2373046875
0 0.7685546875 0.8330078125 0.119140625 0.333984375
0 0.8984375 0.6005859375 0.064453125 0.0703125
0 0.8974609375 0.234375 0.0673828125 0.115234375
0 0.791015625 0.3359375 0.0693359375 0.1123046875