1 0.61389961328125 0.408510638671875 0.60386100390625 0.49787233984375 0.65250965234375 0.51773049609375 0.65791505859375 0.490780142578125 0.663320462890625 0.42695035546875 0.61389961328125 0.408510638671875
2 0.6617760625 0.621276595703125 0.65791505859375 0.624113474609375 0.640154439453125 0.6851063828125 0.63706563671875 0.709219857421875 0.684942083984375 0.709219857421875 0.66563706640625 0.63262411328125 0.6617760625 0.621276595703125
2 0.876447876953125 0.431205673828125 0.87027026953125 0.431205673828125 0.87335907421875 0.51205673828125 0.919691119140625 0.473758865234375 0.919691119140625 0.469503546875 0.89111969140625 0.443971630859375 0.876447876953125 0.431205673828125
2 0.87799227734375 0.3347517734375 0.872586873046875 0.3347517734375 0.87027026953125 0.4156028359375 0.877220078125 0.4156028359375 0.91891891796875 0.375886525390625 0.907335908203125 0.361702126953125 0.87799227734375 0.3347517734375
2 0.585328185546875 0.23687943359375 0.60617760546875 0.31773049609375 0.60926641015625 0.316312056640625 0.620077220703125 0.27801418359375 0.62934362890625 0.2397163125 0.627799228515625 0.2354609921875 0.585328185546875 0.23687943359375
2 0.532818533203125 0.234042552734375 0.553667953125 0.31773049609375 0.572200771484375 0.25957446875 0.575289576171875 0.234042552734375 0.532818533203125 0.234042552734375
2 0.480308880859375 0.2354609921875 0.501930501953125 0.31773049609375 0.513513513671875 0.28226950390625 0.523552123046875 0.2354609921875 0.480308880859375 0.2354609921875
2 0.427799228515625 0.2354609921875 0.45019305078125 0.319148935546875 0.471042470703125 0.2397163125 0.471042470703125 0.2354609921875 0.464864865234375 0.234042552734375 0.427799228515625 0.2354609921875
2 0.375289576171875 0.23687943359375 0.39459459375 0.31773049609375 0.3976833984375 0.31773049609375 0.412355212890625 0.2652482265625 0.4177606171875 0.241134751953125 0.416216216796875 0.2354609921875 0.375289576171875 0.23687943359375
2 0.32200772265625 0.238297873046875 0.342857142578125 0.319148935546875 0.3667953671875 0.234042552734375 0.32664092578125 0.234042552734375 0.32200772265625 0.238297873046875
2 0.26795366796875 0.234042552734375 0.290347490234375 0.319148935546875 0.29343629296875 0.316312056640625 0.311969111328125 0.2453900703125 0.311196912109375 0.234042552734375 0.26795366796875 0.234042552734375
2 0.215444015625 0.23687943359375 0.237837837890625 0.319148935546875 0.259459458984375 0.2453900703125 0.2586872578125 0.2354609921875 0.215444015625 0.23687943359375
2 0.163706564453125 0.2354609921875 0.18610038671875 0.320567375 0.204633205078125 0.25248226953125 0.206949806640625 0.234042552734375 0.163706564453125 0.2354609921875
2 0.111969111328125 0.2354609921875 0.113513513671875 0.251063830078125 0.13204633203125 0.31773049609375 0.148262548828125 0.266666666015625 0.154440154296875 0.2397163125 0.152895751953125 0.2354609921875 0.111969111328125 0.2354609921875
2 0.05791505859375 0.231205673828125 0.06023166015625 0.251063830078125 0.078764478515625 0.31773049609375 0.08185328125 0.316312056640625 0.103474904296875 0.238297873046875 0.102702703125 0.23262411328125 0.05791505859375 0.231205673828125
0 0.84375 0.4228515625 0.05859375 0.208984375
0 0.3427734375 0.111328125 0.591796875 0.22265625
0 0.000772201171875 0.728124822265625 0.638830888671875 0.723263830078125 0.6405953671875 0.51103687890625 0.206398455078125 0.5013163125 0.206398455078125 0.6114808515625 0.001654826171875 0.618439716796875 0.000772201171875 0.728124822265625