2 0.3828125 0.787109375 0.38671875 0.798828125 0.390625 0.828125 0.39453125 0.837890625 0.392578125 0.849609375 0.38671875 0.853515625 0.37890625 0.84375 0.375 0.84375 0.373046875 0.837890625 0.373046875 0.828125 0.376953125 0.818359375 0.380859375 0.7890625
2 0.140625 0.833984375 0.14453125 0.8359375 0.142578125 0.84375 0.13671875 0.8515625 0.13671875 0.841796875 0.140625 0.8359375
2 0.17578125 0.802734375 0.177734375 0.802734375 0.1796875 0.818359375 0.18359375 0.828125 0.18359375 0.84375 0.181640625 0.84765625 0.171875 0.853515625 0.16796875 0.849609375 0.169921875 0.830078125 0.17578125 0.8125 0.17578125 0.8046875
2 0.4609375 0.82421875 0.4609375 0.828125 0.46484375 0.833984375 0.4609375 0.849609375 0.45703125 0.849609375 0.458984375 0.826171875
2 0.09375 0.83984375 0.095703125 0.83984375 0.095703125 0.84765625 0.099609375 0.853515625 0.099609375 0.865234375 0.087890625 0.865234375 0.087890625 0.859375 0.09375 0.841796875
2 0.916015625 0.830078125 0.91796875 0.84375 0.921875 0.853515625 0.921875 0.8671875 0.908203125 0.8671875 0.908203125 0.861328125 0.912109375 0.8515625 0.912109375 0.841796875 0.916015625 0.83203125
2 0.876953125 0.8671875 0.87890625 0.861328125 0.8828125 0.859375 0.8828125 0.8671875 0.87890625 0.869140625
2 0.357421875 0.83984375 0.361328125 0.841796875 0.361328125 0.849609375 0.357421875 0.84765625 0.357421875 0.841796875
2 0.1611328125 0.8466796875 0.0087890625 0.0146484375
2 0.859375 0.810546875 0.859375 0.822265625 0.86328125 0.83203125 0.86328125 0.84375 0.869140625 0.865234375 0.8671875 0.8671875 0.861328125 0.8671875 0.859375 0.853515625 0.849609375 0.84765625 0.857421875 0.8125
2 0.197265625 0.82421875 0.19921875 0.837890625 0.201171875 0.83984375 0.201171875 0.849609375 0.197265625 0.849609375 0.193359375 0.845703125 0.193359375 0.8359375 0.197265625 0.826171875
2 0.697265625 0.830078125 0.69921875 0.837890625 0.703125 0.841796875 0.703125 0.85546875 0.69921875 0.85546875 0.69140625 0.849609375 0.69140625 0.84375 0.697265625 0.83203125
2 0.408203125 0.833984375 0.408203125 0.849609375 0.40234375 0.8515625 0.40234375 0.83984375 0.40625 0.8359375
2 0.119140625 0.78515625 0.130859375 0.845703125 0.12890625 0.849609375 0.123046875 0.8515625 0.119140625 0.859375 0.119140625 0.865234375 0.103515625 0.865234375 0.103515625 0.853515625 0.107421875 0.845703125 0.107421875 0.8359375 0.11328125 0.818359375 0.11328125 0.80859375 0.119140625 0.787109375
2 0.6640625 0.83203125 0.666015625 0.837890625 0.666015625 0.853515625 0.662109375 0.8515625 0.662109375 0.8359375 0.6640625 0.833984375
2 0.6484375 0.830078125 0.650390625 0.830078125 0.650390625 0.8359375 0.654296875 0.84375 0.65234375 0.853515625 0.650390625 0.85546875 0.646484375 0.853515625 0.64453125 0.841796875 0.6484375 0.83203125
2 0.439453125 0.8046875 0.44140625 0.8046875 0.443359375 0.810546875 0.4453125 0.830078125 0.447265625 0.83203125 0.447265625 0.845703125 0.4453125 0.849609375 0.44140625 0.8515625 0.43359375 0.849609375 0.43359375 0.8359375 0.435546875 0.833984375 0.435546875 0.822265625 0.439453125 0.814453125 0.439453125 0.806640625
2 0.423828125 0.8466796875 0.0087890625 0.0146484375
2 0.93359375 0.8515625 0.935546875 0.8515625 0.939453125 0.86328125 0.939453125 0.869140625 0.93359375 0.869140625 0.93359375 0.853515625
1 0.36205173828125 0.26478865234375 0.330942857421875 0.35298865234375 0.371759845703125 0.408973048828125 0.40529498046875 0.323110638671875 0.36205173828125 0.26478865234375
0 0.25390625 0.6015625 0.0654296875 0.064453125
0 0.4638671875 0.505859375 0.060546875 0.0625
0 0.779296875 0.6025390625 0.1708984375 0.0693359375