1 0.614117646484375 0.628571427734375 0.614117646484375 0.7122448984375 0.6647058828125 0.7122448984375 0.6647058828125 0.628571427734375 0.614117646484375 0.628571427734375
2 0.44 0.630612244140625 0.416470587890625 0.7122448984375 0.4647058828125 0.7122448984375 0.45294117578125 0.667346939453125 0.44 0.630612244140625
2 0.385882353515625 0.632653060546875 0.3647058828125 0.7122448984375 0.409411765625 0.7122448984375 0.398823529296875 0.667346939453125 0.385882353515625 0.632653060546875
2 0.254117646484375 0.636734693359375 0.24235294140625 0.6959183671875 0.25294117578125 0.70204081640625 0.26 0.691836734375 0.263529412109375 0.69795918359375 0.263529412109375 0.671428572265625 0.254117646484375 0.636734693359375
2 0.194117646484375 0.653061224609375 0.189411765625 0.691836734375 0.19764705859375 0.70204081640625 0.203529412109375 0.7 0.20235294140625 0.67755101953125 0.194117646484375 0.653061224609375
2 0.169411765625 0.6959183671875 0.178823529296875 0.69387755078125 0.17764705859375 0.67755101953125 0.169411765625 0.6959183671875
2 0.071764705078125 0.640816326171875 0.063529412109375 0.691836734375 0.0752941171875 0.69795918359375 0.081176470703125 0.68979591796875 0.08 0.671428572265625 0.071764705078125 0.640816326171875
2 0.01294117578125 0.657142857421875 0.001176470703125 0.69795918359375 0.02705882421875 0.7 0.016470587890625 0.661224490234375 0.01294117578125 0.657142857421875
2 0.04 0.68367346875 0.03294117578125 0.69795918359375 0.036470587890625 0.7040816328125 0.04705882421875 0.7 0.049411765625 0.68979591796875 0.04 0.68367346875
0 0.308235294921875 0.626530611328125 0.308235294921875 0.7122448984375 0.35764705859375 0.7122448984375 0.358823529296875 0.626530611328125 0.308235294921875 0.626530611328125
0 0.1181640625 0.62109375 0.0595703125 0.1875