2 0.82934362890625 0.4397163125 0.82702702734375 0.4397163125 0.804633205078125 0.5248226953125 0.85019305078125 0.5248226953125 0.839382240234375 0.476595744140625 0.82934362890625 0.4397163125
2 0.668725869140625 0.63262411328125 0.647104248046875 0.719148935546875 0.69111969140625 0.719148935546875 0.6895752890625 0.70212766015625 0.668725869140625 0.63262411328125
2 0.59459459375 0.29219858203125 0.59613899609375 0.303546099609375 0.616988416015625 0.3744680859375 0.63474903515625 0.313475177734375 0.637837837890625 0.290780142578125 0.5976833984375 0.290780142578125 0.59459459375 0.29219858203125
2 0.5127413125 0.441134751953125 0.50888030859375 0.44255319140625 0.488803087890625 0.5248226953125 0.533590734375 0.52765957421875 0.533590734375 0.51773049609375 0.5127413125 0.441134751953125
2 0.072586873046875 0.00709219921875 0.07027026953125 0.011347517578125 0.088803087890625 0.076595744140625 0.104247103515625 0.02695035546875 0.10656370703125 0.008510638671875 0.072586873046875 0.00709219921875
2 0.5127413125 0.631205673828125 0.501930501953125 0.628368794921875 0.490347490234375 0.68226950390625 0.4895752890625 0.699290779296875 0.497297296875 0.703546099609375 0.50656370703125 0.70212766015625 0.509652509765625 0.6950354609375 0.519691119140625 0.69787233984375 0.52200772265625 0.693617021484375 0.521235521484375 0.6751773046875 0.5127413125 0.631205673828125
2 0.533590734375 0.651063830078125 0.5305019296875 0.65248226953125 0.522779921875 0.680851064453125 0.52432432421875 0.69787233984375 0.5382239375 0.70780141796875 0.544401544921875 0.699290779296875 0.54208494140625 0.68226950390625 0.533590734375 0.651063830078125
2 0.55752895703125 0.670921986328125 0.552123552734375 0.69219858203125 0.560617759765625 0.703546099609375 0.564478763671875 0.700709220703125 0.563706564453125 0.693617021484375 0.55752895703125 0.670921986328125
2 0.48108108203125 0.670921986328125 0.474903474609375 0.70212766015625 0.484942083984375 0.709219857421875 0.488030888671875 0.69787233984375 0.484169884765625 0.676595744140625 0.48108108203125 0.670921986328125
2 0.4586872578125 0.656737587890625 0.45482625390625 0.653900708984375 0.4386100390625 0.70212766015625 0.46795366796875 0.703546099609375 0.4694980703125 0.68794326171875 0.4586872578125 0.656737587890625
2 0.415444015625 0.62269503515625 0.40617760546875 0.689361701171875 0.415444015625 0.703546099609375 0.432432431640625 0.7049645390625 0.43474903515625 0.699290779296875 0.41930501953125 0.621276595703125 0.415444015625 0.62269503515625
2 0.38069498046875 0.651063830078125 0.368339767578125 0.699290779296875 0.379922779296875 0.709219857421875 0.395366794921875 0.70212766015625 0.39459459375 0.69219858203125 0.38069498046875 0.651063830078125
2 0.276447876953125 0.638297873046875 0.2640926640625 0.69787233984375 0.2694980703125 0.7049645390625 0.28339768359375 0.700709220703125 0.286486486328125 0.690780142578125 0.284942083984375 0.679432625 0.276447876953125 0.638297873046875
2 0.216988416015625 0.656737587890625 0.20926641015625 0.69787233984375 0.21389961328125 0.7049645390625 0.224710423828125 0.70212766015625 0.224710423828125 0.683687943359375 0.216988416015625 0.656737587890625
2 0.19613899609375 0.680851064453125 0.19459459375 0.69219858203125 0.2 0.7049645390625 0.2 0.680851064453125 0.19613899609375 0.680851064453125
2 0.355984556640625 0.68226950390625 0.354440154296875 0.6950354609375 0.356756755859375 0.703546099609375 0.359845560546875 0.7049645390625 0.359845560546875 0.693617021484375 0.355984556640625 0.68226950390625
2 0.247876447265625 0.699290779296875 0.253281853515625 0.699290779296875 0.25250965234375 0.689361701171875 0.247876447265625 0.699290779296875
1 0.6540540546875 0.41985815625 0.604633205078125 0.4354609921875 0.60926641015625 0.5049645390625 0.61389961328125 0.5248226953125 0.6617760625 0.51205673828125 0.659459458984375 0.469503546875 0.6540540546875 0.41985815625
0 0.404296875 0.3623046875 0.068359375 0.0546875
0 0.2724609375 0.4599609375 0.119140625 0.0693359375
0 0.087890625 0.259765625 0.05078125 0.052734375
0 0.0361328125 0.2646484375 0.0234375 0.033203125
0 0.615234375 0.2373046875 0.0673828125 0.1220703125
0 0.8291015625 0.578125 0.0693359375 0.12890625
0 0.478213126953125 0.645502126953125 0.5788193046875 0.6422609921875 0.582349806640625 0.74270496484375 0.655598455078125 0.737843970703125 0.648538224609375 0.5223773046875 0.478213126953125 0.5239971640625 0.478213126953125 0.645502126953125