1 0.614671814453125 0.513475177734375 0.6023166015625 0.601418439453125 0.62934362890625 0.6156028359375 0.655598455078125 0.6156028359375 0.663320462890625 0.5347517734375 0.614671814453125 0.513475177734375
2 1 0.68794326171875 0.981467181640625 0.624113474609375 0.977606177734375 0.621276595703125 0.954440154296875 0.709219857421875 1 0.709219857421875 1 0.68794326171875
2 0.21389961328125 0.63262411328125 0.203088802734375 0.6851063828125 0.210038609375 0.696453900390625 0.216988416015625 0.690780142578125 0.230115830078125 0.690780142578125 0.2177606171875 0.63262411328125 0.21389961328125 0.63262411328125
2 0.15521235546875 0.65248226953125 0.148262548828125 0.689361701171875 0.16293436328125 0.69787233984375 0.167567568359375 0.693617021484375 0.167567568359375 0.68794326171875 0.159073359375 0.646808509765625 0.15521235546875 0.65248226953125
2 0.17065637109375 0.689361701171875 0.172200771484375 0.696453900390625 0.177606177734375 0.69219858203125 0.176061775390625 0.6851063828125 0.17065637109375 0.689361701171875
2 0.13745173828125 0.666666666015625 0.135135134765625 0.68226950390625 0.14208494140625 0.69219858203125 0.13976833984375 0.67234042578125 0.13745173828125 0.666666666015625
0 0.4775390625 0.6689453125 0.4296875 0.1123046875
0 0.056640625 0.6640625 0.11328125 0.10546875
2 0.21389961328125 0.63262411328125 0.203088802734375 0.6851063828125 0.20926641015625 0.6950354609375 0.22162162109375 0.689361701171875 0.22934362890625 0.69219858203125 0.2177606171875 0.63262411328125 0.21389961328125 0.63262411328125
2 0.15521235546875 0.65248226953125 0.148262548828125 0.689361701171875 0.163706564453125 0.69787233984375 0.167567568359375 0.68794326171875 0.159073359375 0.646808509765625 0.15521235546875 0.65248226953125
2 1 0.686524822265625 0.996911197265625 0.683687943359375 0.981467181640625 0.624113474609375 0.977606177734375 0.621276595703125 0.954440154296875 0.709219857421875 1 0.709219857421875 1 0.686524822265625