0 0.354440154296875 0.414184396484375 0.344401544921875 0.414184396484375 0.34208494140625 0.42269503515625 0.33976833984375 0.506382978515625 0.389961390625 0.513475177734375 0.39382239453125 0.42269503515625 0.354440154296875 0.414184396484375
1 0.2023166015625 0.631205673828125 0.19845559765625 0.653900708984375 0.183783783203125 0.699290779296875 0.183011583984375 0.716312056640625 0.22934362890625 0.7148936171875 0.20617760546875 0.62695035546875 0.2023166015625 0.631205673828125
1 0.2586872578125 0.62695035546875 0.23706563671875 0.699290779296875 0.233976833984375 0.71205673828125 0.236293435546875 0.716312056640625 0.28108108203125 0.7148936171875 0.2586872578125 0.62695035546875
1 0.61158301171875 0.69787233984375 0.599227798828125 0.6354609921875 0.5868725859375 0.689361701171875 0.5868725859375 0.69787233984375 0.5922779921875 0.70212766015625 0.603088802734375 0.703546099609375 0.61158301171875 0.69787233984375
1 0.65791505859375 0.65248226953125 0.647104248046875 0.693617021484375 0.646332046875 0.699290779296875 0.653281853515625 0.7049645390625 0.66563706640625 0.69787233984375 0.65791505859375 0.65248226953125
1 0.67567567578125 0.676595744140625 0.674903474609375 0.69787233984375 0.68185328125 0.699290779296875 0.678764478515625 0.67801418359375 0.67567567578125 0.676595744140625
1 0.620077220703125 0.703546099609375 0.626254826171875 0.683687943359375 0.618532818359375 0.69219858203125 0.620077220703125 0.703546099609375
1 0.6386100390625 0.69219858203125 0.637837837890625 0.699290779296875 0.644015443359375 0.70212766015625 0.644015443359375 0.6950354609375 0.6386100390625 0.69219858203125
1 0.439382240234375 0.680851064453125 0.43474903515625 0.689361701171875 0.433976833984375 0.700709220703125 0.441698841796875 0.70780141796875 0.445559845703125 0.703546099609375 0.439382240234375 0.680851064453125
1 0.389961390625 0.67801418359375 0.38841698828125 0.68226950390625 0.38610038671875 0.69787233984375 0.389961390625 0.706382978515625 0.39459459375 0.69219858203125 0.389961390625 0.67801418359375
1 0.87799227734375 0.690780142578125 0.86795366796875 0.6453900703125 0.864864865234375 0.6453900703125 0.8540540546875 0.69787233984375 0.87027026953125 0.706382978515625 0.87799227734375 0.69787233984375 0.87799227734375 0.690780142578125
1 0.92664092578125 0.70212766015625 0.91814671875 0.6553191484375 0.915057916015625 0.66241134765625 0.908108107421875 0.696453900390625 0.915057916015625 0.710638298828125 0.923552123046875 0.71205673828125 0.92664092578125 0.70212766015625
1 0.93204633203125 0.68226950390625 0.93204633203125 0.71205673828125 0.93976833984375 0.70212766015625 0.93745173828125 0.68226950390625 0.93204633203125 0.68226950390625
1 0.900386099609375 0.693617021484375 0.900386099609375 0.70212766015625 0.907335908203125 0.70212766015625 0.9050193046875 0.690780142578125 0.900386099609375 0.693617021484375
1 0.886486486328125 0.683687943359375 0.882625482421875 0.69219858203125 0.88339768359375 0.703546099609375 0.890347490234375 0.699290779296875 0.890347490234375 0.6851063828125 0.886486486328125 0.683687943359375
1 0.843243244140625 0.69787233984375 0.8486486484375 0.6950354609375 0.843243244140625 0.689361701171875 0.843243244140625 0.69787233984375