1 0.655598455078125 0.414184396484375 0.645559845703125 0.414184396484375 0.60617760546875 0.42269503515625 0.610038609375 0.513475177734375 0.66023166015625 0.506382978515625 0.65791505859375 0.42269503515625 0.655598455078125 0.414184396484375
2 0.80154440234375 0.653900708984375 0.7976833984375 0.631205673828125 0.79382239453125 0.62695035546875 0.77065637109375 0.7148936171875 0.816988416015625 0.716312056640625 0.816216216796875 0.699290779296875 0.80154440234375 0.653900708984375
2 0.7413127421875 0.62695035546875 0.71891891796875 0.7148936171875 0.763706564453125 0.716312056640625 0.766023166015625 0.71205673828125 0.76293436328125 0.699290779296875 0.7413127421875 0.62695035546875
2 0.400772201171875 0.6354609921875 0.38841698828125 0.69787233984375 0.396911197265625 0.703546099609375 0.4077220078125 0.70212766015625 0.4131274140625 0.69787233984375 0.4131274140625 0.689361701171875 0.400772201171875 0.6354609921875
2 0.34208494140625 0.65248226953125 0.33436293359375 0.69787233984375 0.346718146484375 0.7049645390625 0.353667953125 0.699290779296875 0.352895751953125 0.693617021484375 0.34208494140625 0.65248226953125
2 0.321235521484375 0.67801418359375 0.31814671875 0.699290779296875 0.325096525390625 0.69787233984375 0.32432432421875 0.676595744140625 0.321235521484375 0.67801418359375
2 0.373745173828125 0.683687943359375 0.379922779296875 0.703546099609375 0.381467181640625 0.69219858203125 0.373745173828125 0.683687943359375
2 0.355984556640625 0.6950354609375 0.355984556640625 0.70212766015625 0.362162162109375 0.699290779296875 0.3613899609375 0.69219858203125 0.355984556640625 0.6950354609375
2 0.560617759765625 0.680851064453125 0.554440154296875 0.703546099609375 0.558301158203125 0.70780141796875 0.566023166015625 0.700709220703125 0.56525096484375 0.689361701171875 0.560617759765625 0.680851064453125
2 0.610038609375 0.67801418359375 0.60540540625 0.69219858203125 0.610038609375 0.706382978515625 0.61389961328125 0.69787233984375 0.61158301171875 0.68226950390625 0.610038609375 0.67801418359375
2 0.13204633203125 0.6453900703125 0.12200772265625 0.690780142578125 0.12200772265625 0.69787233984375 0.12972973046875 0.706382978515625 0.1459459453125 0.69787233984375 0.135135134765625 0.6453900703125 0.13204633203125 0.6453900703125
2 0.08185328125 0.6553191484375 0.07335907421875 0.70212766015625 0.076447876953125 0.71205673828125 0.084942083984375 0.710638298828125 0.091891892578125 0.696453900390625 0.084942083984375 0.66241134765625 0.08185328125 0.6553191484375
2 0.06254826171875 0.68226950390625 0.06023166015625 0.70212766015625 0.06795366796875 0.71205673828125 0.06795366796875 0.68226950390625 0.06254826171875 0.68226950390625
2 0.0949806953125 0.690780142578125 0.092664091796875 0.70212766015625 0.099613900390625 0.70212766015625 0.099613900390625 0.693617021484375 0.0949806953125 0.690780142578125
2 0.113513513671875 0.683687943359375 0.109652509765625 0.6851063828125 0.109652509765625 0.699290779296875 0.11660231640625 0.703546099609375 0.117374517578125 0.69219858203125 0.113513513671875 0.683687943359375
2 0.1513513515625 0.6950354609375 0.156756755859375 0.69787233984375 0.156756755859375 0.689361701171875 0.1513513515625 0.6950354609375
0 0.6875 0.6728515625 0.0625 0.1005859375
0 0.4765625 0.6162109375 0.0576171875 0.1904296875
0 0.263671875 0.5732421875 0.0693359375 0.2939453125
0 0.0537109375 0.38671875 0.03125 0.0546875
0 0.0556640625 0.4814453125 0.03125 0.05859375
0 0.0546875 0.576171875 0.03125 0.0615234375
0 0.0576171875 0.6669921875 0.0322265625 0.060546875