1 0.625482625 0.21985815625 0.6023166015625 0.280851064453125 0.600772201171875 0.29219858203125 0.637837837890625 0.341843970703125 0.668725869140625 0.26808510546875 0.6332046328125 0.21985815625 0.625482625 0.21985815625
2 0.387644787109375 0.1602836875 0.3868725859375 0.2354609921875 0.391505791015625 0.2397163125 0.404633205078125 0.228368794921875 0.432432431640625 0.20283687890625 0.432432431640625 0.195744681640625 0.387644787109375 0.1602836875
2 0.391505791015625 0.256737587890625 0.384555984375 0.258156029296875 0.3868725859375 0.33758865234375 0.432432431640625 0.300709220703125 0.431660232421875 0.293617021484375 0.391505791015625 0.256737587890625
2 0.21930501953125 0.5446808515625 0.20386100390625 0.594326240234375 0.196911197265625 0.63262411328125 0.24247104296875 0.63262411328125 0.24247104296875 0.621276595703125 0.21930501953125 0.5446808515625
2 0.5127413125 0.658156029296875 0.499613900390625 0.7049645390625 0.502702703125 0.71205673828125 0.5258687265625 0.7148936171875 0.527413126953125 0.709219857421875 0.52432432421875 0.696453900390625 0.5127413125 0.658156029296875
2 0.546718146484375 0.628368794921875 0.5359073359375 0.69787233984375 0.54362934375 0.71205673828125 0.54749034765625 0.713475177734375 0.552123552734375 0.706382978515625 0.5613899609375 0.713475177734375 0.56293436328125 0.699290779296875 0.550579150390625 0.634042552734375 0.546718146484375 0.628368794921875
2 0.585328185546875 0.66241134765625 0.56911196875 0.71205673828125 0.58069498046875 0.713475177734375 0.584555984375 0.70212766015625 0.589961390625 0.70212766015625 0.5922779921875 0.710638298828125 0.6 0.713475177734375 0.60386100390625 0.703546099609375 0.593050193359375 0.6751773046875 0.585328185546875 0.66241134765625
2 0.61389961328125 0.680851064453125 0.610810810546875 0.680851064453125 0.606949806640625 0.709219857421875 0.615444015625 0.716312056640625 0.6177606171875 0.69787233984375 0.61389961328125 0.680851064453125
2 0.63706563671875 0.608510638671875 0.6231660234375 0.676595744140625 0.620849419921875 0.70212766015625 0.635521236328125 0.70780141796875 0.647876447265625 0.7049645390625 0.651737451171875 0.69219858203125 0.649420849609375 0.669503546875 0.63706563671875 0.608510638671875
2 0.488030888671875 0.690780142578125 0.484942083984375 0.693617021484375 0.48571428515625 0.709219857421875 0.490347490234375 0.70780141796875 0.490347490234375 0.696453900390625 0.488030888671875 0.690780142578125
2 0.6617760625 0.65957446875 0.6540540546875 0.6851063828125 0.65791505859375 0.706382978515625 0.67027026953125 0.716312056640625 0.67567567578125 0.71205673828125 0.67567567578125 0.703546099609375 0.6617760625 0.65957446875
2 0.686486486328125 0.68226950390625 0.682625482421875 0.713475177734375 0.69343629296875 0.710638298828125 0.690347490234375 0.680851064453125 0.686486486328125 0.68226950390625
2 0.824710423828125 0.618439716796875 0.82162162109375 0.6255319140625 0.812355212890625 0.69219858203125 0.820077220703125 0.710638298828125 0.8386100390625 0.71205673828125 0.839382240234375 0.70212766015625 0.826254826171875 0.624113474609375 0.824710423828125 0.618439716796875
2 0.853281853515625 0.67234042578125 0.8486486484375 0.696453900390625 0.85637065625 0.710638298828125 0.863320462890625 0.713475177734375 0.86563706640625 0.70212766015625 0.857142857421875 0.669503546875 0.853281853515625 0.67234042578125
2 0.884942083984375 0.696453900390625 0.87567567578125 0.709219857421875 0.880308880859375 0.726241134765625 0.898069498046875 0.726241134765625 0.89884169921875 0.719148935546875 0.884942083984375 0.696453900390625
2 0.911969111328125 0.65248226953125 0.900386099609375 0.71773049609375 0.9050193046875 0.7248226953125 0.92200772265625 0.7248226953125 0.925096525390625 0.719148935546875 0.922779921875 0.699290779296875 0.911969111328125 0.65248226953125
2 0.9359073359375 0.676595744140625 0.932818533203125 0.676595744140625 0.927413126953125 0.723404255859375 0.94208494140625 0.726241134765625 0.93976833984375 0.700709220703125 0.9359073359375 0.676595744140625
2 0.776061775390625 0.70212766015625 0.77297297265625 0.71773049609375 0.7822393828125 0.710638298828125 0.78069498046875 0.70212766015625 0.776061775390625 0.70212766015625
2 0.7976833984375 0.663829787109375 0.79073358984375 0.6950354609375 0.791505791015625 0.709219857421875 0.806949806640625 0.706382978515625 0.80154440234375 0.673758865234375 0.7976833984375 0.663829787109375
0 0.775390625 0.5859375 0.0732421875 0.1162109375
0 0.5615234375 0.4931640625 0.07421875 0.119140625
0 0.3525390625 0.2509765625 0.0634765625 0.212890625
0 0.2998046875 0.6845703125 0.3271484375 0.1083984375
0 0.1123046875 0.6953125 0.0595703125 0.0810546875
0 0.01953125 0.69140625 0.0390625 0.083984375