0 0.1201171875 0.5634765625 0.0654296875 0.046875
0 0.81640625 0.681640625 0.060546875 0.0986328125
2 0 0.7204081640625 0.0352941171875 0.72244898046875 0.014117646484375 0.644897958984375 0.011764705078125 0.638775509765625 0.008235294921875 0.642857142578125 0 0.669387755859375 0 0.7204081640625
2 0.043529412109375 0.70612244921875 0.0447058828125 0.72244898046875 0.088235294921875 0.72244898046875 0.0647058828125 0.638775509765625 0.043529412109375 0.70612244921875
2 0.09764705859375 0.7040816328125 0.09764705859375 0.72244898046875 0.14235294140625 0.7204081640625 0.12 0.638775509765625 0.09764705859375 0.7040816328125
2 0.1552941171875 0.68571428515625 0.14705882421875 0.72244898046875 0.196470587890625 0.72244898046875 0.17294117578125 0.636734693359375 0.1552941171875 0.68571428515625
2 0.21294117578125 0.67755101953125 0.20235294140625 0.7204081640625 0.248235294921875 0.71836734765625 0.22705882421875 0.638775509765625 0.21294117578125 0.67755101953125
2 0.2752941171875 0.646938775390625 0.25764705859375 0.708163265625 0.25764705859375 0.72244898046875 0.30235294140625 0.7204081640625 0.281176470703125 0.640816326171875 0.2752941171875 0.646938775390625
2 0.705882353515625 0.640816326171875 0.689411765625 0.69795918359375 0.685882353515625 0.7204081640625 0.730588234375 0.7204081640625 0.709411765625 0.640816326171875 0.705882353515625 0.640816326171875
2 0.743529412109375 0.69387755078125 0.74 0.72244898046875 0.7847058828125 0.7204081640625 0.76235294140625 0.638775509765625 0.743529412109375 0.69387755078125
2 0.89764705859375 0.6877551015625 0.89294117578125 0.691836734375 0.89294117578125 0.708163265625 0.89764705859375 0.7122448984375 0.90235294140625 0.70204081640625 0.89764705859375 0.6877551015625
2 0.908235294921875 0.70612244921875 0.914117646484375 0.708163265625 0.910588234375 0.68979591796875 0.908235294921875 0.70612244921875
2 0.94235294140625 0.691836734375 0.938823529296875 0.70612244921875 0.9552941171875 0.7122448984375 0.945882353515625 0.6877551015625 0.94235294140625 0.691836734375
1 0.365882353515625 0.5040816328125 0.32705882421875 0.553061224609375 0.32705882421875 0.565306123046875 0.3552941171875 0.626530611328125 0.396470587890625 0.573469388671875 0.365882353515625 0.5040816328125