1 0.39382239453125 0.12765957421875 0.344401544921875 0.119148935546875 0.33976833984375 0.1843971640625 0.340540541015625 0.21276595703125 0.38841698828125 0.21985815625 0.39382239453125 0.12765957421875
2 0 0.798581560546875 0.035521236328125 0.79716312109375 0.0177606171875 0.765957447265625 0.010810810546875 0.771631205078125 0 0.788652482421875 0 0.798581560546875
2 0.053281853515625 0.788652482421875 0.049420849609375 0.798581560546875 0.0895752890625 0.798581560546875 0.07027026953125 0.7645390078125 0.053281853515625 0.788652482421875
2 0.1050193046875 0.788652482421875 0.101930501953125 0.798581560546875 0.14208494140625 0.795744681640625 0.123552123046875 0.7645390078125 0.1050193046875 0.788652482421875
2 0.1613899609375 0.78297872265625 0.154440154296875 0.79716312109375 0.195366794921875 0.79716312109375 0.176061775390625 0.7645390078125 0.1613899609375 0.78297872265625
2 0.210810810546875 0.788652482421875 0.206949806640625 0.79716312109375 0.247876447265625 0.79716312109375 0.227799228515625 0.7645390078125 0.210810810546875 0.788652482421875
2 0.2617760625 0.798581560546875 0.30115830078125 0.795744681640625 0.282625482421875 0.7645390078125 0.27567567578125 0.76737588671875 0.261003861328125 0.791489361328125 0.259459458984375 0.79716312109375 0.2617760625 0.798581560546875
2 0.335135134765625 0.7645390078125 0.3305019296875 0.7645390078125 0.313513513671875 0.79290780078125 0.313513513671875 0.79716312109375 0.352895751953125 0.795744681640625 0.335135134765625 0.7645390078125
2 0.415444015625 0.520567375 0.416216216796875 0.601418439453125 0.46254826171875 0.5602836875 0.418532818359375 0.519148935546875 0.415444015625 0.520567375
2 0.46254826171875 0.656737587890625 0.418532818359375 0.6156028359375 0.414671814453125 0.618439716796875 0.414671814453125 0.696453900390625 0.422393822265625 0.6950354609375 0.46254826171875 0.656737587890625
2 0.415444015625 0.713475177734375 0.414671814453125 0.788652482421875 0.416988416015625 0.79290780078125 0.4617760625 0.7546099296875 0.415444015625 0.713475177734375
2 0.7359073359375 0.326241134765625 0.717374517578125 0.33758865234375 0.6895752890625 0.3645390078125 0.715830115234375 0.39290780078125 0.7359073359375 0.40709219921875 0.7359073359375 0.326241134765625
2 0.735135134765625 0.424113474609375 0.691891892578125 0.45957446875 0.6895752890625 0.46241134765625 0.69111969140625 0.466666666015625 0.73436293359375 0.500709220703125 0.73436293359375 0.47234042578125 0.7305019296875 0.46241134765625 0.73436293359375 0.45957446875 0.732818533203125 0.441134751953125 0.735135134765625 0.424113474609375
2 0.736679537109375 0.520567375 0.731274130859375 0.520567375 0.691891892578125 0.556028369140625 0.688803087890625 0.5602836875 0.736679537109375 0.601418439453125 0.736679537109375 0.520567375
2 0.89343629296875 0.798581560546875 0.93745173828125 0.79716312109375 0.91428571484375 0.709219857421875 0.911196912109375 0.71205673828125 0.89111969140625 0.788652482421875 0.890347490234375 0.79716312109375 0.89343629296875 0.798581560546875
2 0.94362934375 0.788652482421875 0.944401544921875 0.798581560546875 0.989961390625 0.795744681640625 0.9667953671875 0.709219857421875 0.94362934375 0.788652482421875
0 0.3857421875 0.654296875 0.0615234375 0.298828125
0 0.7666015625 0.46484375 0.0595703125 0.3056640625