1 0.33294117578125 0.267346939453125 0.33764705859375 0.355102041015625 0.388235294921875 0.348979591796875 0.3847058828125 0.261224490234375 0.33294117578125 0.267346939453125
2 0.58203125 0.681640625 0.583984375 0.701171875 0.587890625 0.70703125 0.58984375 0.732421875 0.59375 0.740234375 0.595703125 0.76171875 0.599609375 0.771484375 0.595703125 0.78125 0.58984375 0.78125 0.587890625 0.779296875 0.580078125 0.78125 0.578125 0.771484375 0.57421875 0.765625 0.5703125 0.771484375 0.5703125 0.775390625 0.56640625 0.77734375 0.56640625 0.75390625 0.572265625 0.73828125 0.57421875 0.71484375 0.578125 0.708984375 0.578125 0.697265625 0.58203125 0.68359375
2 0.359375 0.7578125 0.36328125 0.765625 0.36328125 0.7734375 0.359375 0.77734375 0.359375 0.78125 0.35546875 0.78125 0.35546875 0.767578125 0.359375 0.759765625
2 0.529296875 0.751953125 0.53515625 0.767578125 0.53515625 0.779296875 0.537109375 0.78125 0.533203125 0.78515625 0.52734375 0.7734375 0.52734375 0.755859375 0.529296875 0.75390625
2 0.708984375 0.732421875 0.720703125 0.771484375 0.720703125 0.783203125 0.708984375 0.787109375 0.703125 0.78125 0.701171875 0.783203125 0.6953125 0.78125 0.6953125 0.76953125 0.69921875 0.765625 0.69921875 0.759765625 0.703125 0.75390625 0.70703125 0.734375
2 0.732421875 0.76171875 0.736328125 0.763671875 0.736328125 0.76953125 0.73046875 0.78125 0.732421875 0.763671875
2 0.607421875 0.751953125 0.611328125 0.765625 0.611328125 0.78125 0.609375 0.78515625 0.6015625 0.78515625 0.6015625 0.767578125 0.60546875 0.76171875 0.60546875 0.75390625
2 0.337890625 0.73828125 0.341796875 0.7421875 0.341796875 0.751953125 0.34765625 0.76953125 0.345703125 0.783203125 0.3359375 0.787109375 0.330078125 0.78125 0.337890625 0.740234375
2 0.279296875 0.720703125 0.283203125 0.724609375 0.28515625 0.748046875 0.2890625 0.75390625 0.2890625 0.76171875 0.291015625 0.763671875 0.291015625 0.78125 0.2890625 0.783203125 0.279296875 0.78515625 0.275390625 0.78125 0.26953125 0.78125 0.267578125 0.779296875 0.26953125 0.763671875 0.2734375 0.7578125 0.275390625 0.73828125 0.279296875 0.732421875 0.279296875 0.72265625
2 0.619140625 0.783203125 0.619140625 0.767578125 0.623046875 0.763671875 0.623046875 0.7578125 0.62890625 0.748046875 0.62890625 0.7421875 0.6328125 0.734375 0.634765625 0.734375 0.634765625 0.73828125 0.638671875 0.744140625 0.650390625 0.78125 0.640625 0.78515625 0.63671875 0.77734375 0.63671875 0.76953125 0.630859375 0.767578125 0.626953125 0.78125 0.62109375 0.783203125
2 0.556640625 0.732421875 0.560546875 0.7421875 0.560546875 0.75 0.564453125 0.755859375 0.564453125 0.77734375 0.5546875 0.78515625 0.54296875 0.78125 0.544921875 0.765625 0.548828125 0.759765625 0.5546875 0.734375
2 0.671875 0.701171875 0.673828125 0.703125 0.673828125 0.712890625 0.67578125 0.71484375 0.67578125 0.724609375 0.681640625 0.74609375 0.68359375 0.765625 0.6796875 0.76953125 0.67578125 0.78125 0.669921875 0.77734375 0.6640625 0.783203125 0.658203125 0.783203125 0.66015625 0.7578125 0.6640625 0.751953125 0.666015625 0.7265625 0.669921875 0.71875 0.669921875 0.70703125 0.671875 0.703125
0 0.074117646484375 0.7122448984375 0.071764705078125 0.746938775390625 0.116470587890625 0.746938775390625 0.114117646484375 0.7122448984375 0.074117646484375 0.7122448984375
0 0.029411765625 0.72244898046875 0.030588234375 0.740816326171875 0.05294117578125 0.736734693359375 0.049411765625 0.7204081640625 0.029411765625 0.72244898046875
0 0.441176470703125 0.524489796875 0.389411765625 0.524489796875 0.390588234375 0.565306123046875 0.41764705859375 0.573469388671875 0.44235294140625 0.561224490234375 0.441176470703125 0.524489796875
0 0.630859375 0.451171875 0.0498046875 0.033203125
0 0.845703125 0.36328125 0.060546875 0.0439453125
0 0.1752941171875 0.7795918359375 0.17294117578125 0.708163265625 0.1592941171875 0.71455918359375 0.140470587890625 0.71129591796875 0.13294117578125 0.716189796875 0.118823529296875 0.71428571484375 0.12 0.78367346875 0.134117646484375 0.775510203125 0.1752941171875 0.7795918359375