0 0.1669921875 0.5205078125 0.0654296875 0.0458984375
0 0.3798828125 0.4296875 0.068359375 0.0478515625
0 0.59375 0.705078125 0.17578125 0.0576171875
0 0.7822265625 0.798828125 0.1220703125 0.0439453125
2 0.1171875 0.751953125 0.1171875 0.7578125 0.12109375 0.767578125 0.123046875 0.79296875 0.126953125 0.80078125 0.12890625 0.82421875 0.1328125 0.833984375 0.1328125 0.84765625 0.125 0.849609375 0.12109375 0.845703125 0.115234375 0.845703125 0.109375 0.837890625 0.10546875 0.83984375 0.103515625 0.845703125 0.1015625 0.84375 0.1015625 0.8203125 0.10546875 0.8125 0.10546875 0.802734375 0.107421875 0.80078125 0.107421875 0.791015625 0.111328125 0.783203125 0.115234375 0.75390625
2 0.67578125 0.759765625 0.6796875 0.76953125 0.681640625 0.798828125 0.685546875 0.806640625 0.685546875 0.8203125 0.6875 0.822265625 0.6875 0.83203125 0.681640625 0.841796875 0.681640625 0.845703125 0.67578125 0.8515625 0.6640625 0.84765625 0.666015625 0.81640625 0.669921875 0.806640625 0.669921875 0.794921875 0.671875 0.79296875 0.671875 0.78125 0.67578125 0.7734375 0.67578125 0.76171875
2 0.064453125 0.81640625 0.06640625 0.833984375 0.072265625 0.849609375 0.072265625 0.853515625 0.068359375 0.857421875 0.0625 0.857421875 0.056640625 0.853515625 0.056640625 0.845703125 0.060546875 0.837890625 0.060546875 0.830078125 0.064453125 0.818359375
2 0.7236328125 0.8447265625 0.0078125 0.0166015625
2 0.267578125 0.830078125 0.271484375 0.837890625 0.263671875 0.845703125 0.263671875 0.837890625 0.267578125 0.83203125
2 0.6162109375 0.84375 0.017578125 0.0224609375
2 0.08984375 0.798828125 0.091796875 0.798828125 0.09375 0.8046875 0.095703125 0.822265625 0.099609375 0.826171875 0.099609375 0.841796875 0.083984375 0.85546875 0.083984375 0.865234375 0.07421875 0.865234375 0.07421875 0.8515625 0.078125 0.845703125 0.078125 0.8359375 0.083984375 0.82421875 0.0859375 0.80859375 0.08984375 0.80078125
2 0.2421875 0.798828125 0.248046875 0.8125 0.25 0.828125 0.255859375 0.841796875 0.25390625 0.849609375 0.248046875 0.853515625 0.244140625 0.853515625 0.23828125 0.849609375 0.234375 0.849609375 0.23046875 0.845703125 0.234375 0.82421875 0.23828125 0.818359375 0.240234375 0.80078125
2 0.16796875 0.80078125 0.169921875 0.80859375 0.173828125 0.8125 0.173828125 0.818359375 0.1796875 0.830078125 0.18359375 0.845703125 0.177734375 0.849609375 0.173828125 0.849609375 0.169921875 0.8359375 0.166015625 0.833984375 0.162109375 0.84765625 0.158203125 0.849609375 0.15234375 0.84765625 0.154296875 0.83203125 0.158203125 0.828125 0.16015625 0.81640625 0.166015625 0.802734375
2 0.140625 0.81640625 0.146484375 0.8359375 0.146484375 0.84765625 0.13671875 0.853515625 0.134765625 0.841796875 0.13671875 0.83984375 0.13671875 0.83203125 0.140625 0.826171875 0.140625 0.818359375
2 0.564453125 0.814453125 0.56640625 0.81640625 0.56640625 0.830078125 0.5703125 0.837890625 0.5703125 0.8515625 0.568359375 0.853515625 0.564453125 0.853515625 0.55859375 0.845703125 0.560546875 0.84375 0.564453125 0.81640625
2 0.5859375 0.79296875 0.587890625 0.79296875 0.58984375 0.814453125 0.59375 0.826171875 0.59375 0.837890625 0.58984375 0.837890625 0.583984375 0.84765625 0.578125 0.845703125 0.578125 0.83203125 0.580078125 0.830078125 0.580078125 0.8203125 0.583984375 0.810546875 0.5859375 0.794921875
2 0.634765625 0.841796875 0.63671875 0.83984375 0.63671875 0.83203125 0.640625 0.826171875 0.642578125 0.810546875 0.646484375 0.80859375 0.654296875 0.84375 0.65234375 0.84765625 0.6484375 0.84765625 0.6484375 0.841796875 0.64453125 0.837890625 0.63671875 0.849609375 0.63671875 0.84375
2 0.20703125 0.767578125 0.208984375 0.78515625 0.212890625 0.79296875 0.212890625 0.802734375 0.21484375 0.8046875 0.21484375 0.818359375 0.216796875 0.8203125 0.220703125 0.841796875 0.216796875 0.837890625 0.20703125 0.849609375 0.205078125 0.84765625 0.197265625 0.84765625 0.193359375 0.8515625 0.19140625 0.84765625 0.19921875 0.80078125 0.203125 0.79296875 0.205078125 0.76953125
2 0.703125 0.802734375 0.70703125 0.814453125 0.70703125 0.826171875 0.708984375 0.828125 0.708984375 0.845703125 0.70703125 0.84765625 0.6953125 0.845703125 0.6953125 0.83203125 0.69921875 0.82421875 0.69921875 0.814453125 0.703125 0.8046875
1 0.345882353515625 0.21632653125 0.341176470703125 0.22244898046875 0.330588234375 0.3040816328125 0.38 0.324489796875 0.391764705078125 0.240816326171875 0.345882353515625 0.21632653125