2 0.43359375 0.685546875 0.4375 0.685546875 0.4375 0.697265625 0.435546875 0.69921875 0.431640625 0.6953125 0.43359375 0.6875
2 0.537109375 0.669921875 0.54296875 0.689453125 0.541015625 0.693359375 0.53515625 0.693359375 0.533203125 0.689453125 0.53515625 0.673828125 0.537109375 0.671875
2 0.375 0.515625 0.376953125 0.513671875 0.376953125 0.494140625 0.380859375 0.490234375 0.380859375 0.484375 0.384765625 0.4765625 0.384765625 0.46875 0.388671875 0.4609375 0.388671875 0.453125 0.39453125 0.435546875 0.3984375 0.43359375 0.400390625 0.44921875 0.416015625 0.498046875 0.41796875 0.517578125 0.416015625 0.51953125 0.4140625 0.517578125 0.38671875 0.517578125 0.384765625 0.515625 0.37890625 0.515625 0.376953125 0.517578125
2 0.517578125 0.646484375 0.51953125 0.6484375 0.51953125 0.658203125 0.525390625 0.677734375 0.5234375 0.693359375 0.517578125 0.693359375 0.515625 0.69140625 0.51171875 0.693359375 0.509765625 0.69140625 0.509765625 0.6796875 0.513671875 0.671875 0.513671875 0.66015625 0.517578125 0.6484375
2 0.09375 0.23046875 0.095703125 0.232421875 0.1015625 0.23046875 0.103515625 0.236328125 0.1015625 0.23828125 0.099609375 0.25390625 0.095703125 0.259765625 0.095703125 0.267578125 0.091796875 0.275390625 0.091796875 0.28515625 0.087890625 0.291015625 0.087890625 0.298828125 0.083984375 0.3046875 0.083984375 0.310546875 0.080078125 0.3203125 0.078125 0.3203125 0.078125 0.3125 0.0703125 0.291015625 0.068359375 0.275390625 0.064453125 0.26953125 0.064453125 0.263671875 0.060546875 0.2578125 0.060546875 0.25 0.056640625 0.244140625 0.056640625 0.232421875 0.05859375 0.23046875 0.091796875 0.23046875
2 0.109375 0.23046875 0.154296875 0.23046875 0.15625 0.232421875 0.154296875 0.248046875 0.150390625 0.25390625 0.150390625 0.26171875 0.146484375 0.26953125 0.146484375 0.27734375 0.142578125 0.28515625 0.138671875 0.306640625 0.1328125 0.3203125 0.119140625 0.27734375 0.119140625 0.26953125 0.111328125 0.248046875 0.109375 0.232421875
2 0.875 0.673828125 0.87890625 0.67578125 0.880859375 0.681640625 0.880859375 0.693359375 0.876953125 0.697265625 0.873046875 0.6875 0.875 0.67578125
2 0.501953125 0.685546875 0.505859375 0.69140625 0.505859375 0.69921875 0.50390625 0.701171875 0.498046875 0.69921875 0.498046875 0.689453125 0.5 0.6875
2 0.92578125 0.673828125 0.93359375 0.6953125 0.93359375 0.703125 0.9296875 0.705078125 0.919921875 0.69140625 0.92578125 0.67578125
2 0.890625 0.67578125 0.892578125 0.67578125 0.896484375 0.685546875 0.89453125 0.697265625 0.890625 0.69921875 0.888671875 0.6953125 0.890625 0.677734375
2 0.458984375 0.62890625 0.4609375 0.62890625 0.4609375 0.640625 0.45703125 0.640625 0.458984375 0.630859375
2 0.00390625 0.228515625 0.048828125 0.228515625 0.05078125 0.23046875 0.05078125 0.2421875 0.046875 0.248046875 0.046875 0.255859375 0.0390625 0.2734375 0.033203125 0.30859375 0.02734375 0.3203125 0.0234375 0.3125 0.01953125 0.294921875 0.015625 0.2890625 0.015625 0.27734375 0.01171875 0.271484375 0.01171875 0.265625 0.005859375 0.251953125 0.00390625 0.236328125 0.001953125 0.234375 0.00390625 0.23046875
2 0.486328125 0.6796875 0.486328125 0.69140625 0.484375 0.693359375 0.48046875 0.693359375 0.48046875 0.681640625 0.484375 0.6796875
2 0.458984375 0.634765625 0.4609375 0.634765625 0.462890625 0.650390625 0.466796875 0.66015625 0.466796875 0.669921875 0.470703125 0.6796875 0.46875 0.693359375 0.458984375 0.693359375 0.45703125 0.69140625 0.44921875 0.693359375 0.447265625 0.689453125 0.447265625 0.6796875 0.451171875 0.673828125 0.451171875 0.666015625 0.458984375 0.63671875
0 0.71484375 0.1181640625 0.33203125 0.2353515625
0 0.7158203125 0.62109375 0.3251953125 0.216796875
0 0.08203125 0.115234375 0.1640625 0.23046875
0 0 0.723263830078125 0.4269166015625 0.73191489453125 0.42735830078125 0.5077971640625 0.2014339765625 0.5077971640625 0.203199228515625 0.603380142578125 0 0.606619857421875 0 0.723263830078125