2 0.677220078125 0.3347517734375 0.6386100390625 0.371631205078125 0.637837837890625 0.37730496484375 0.68571428515625 0.418439716796875 0.68571428515625 0.333333333984375 0.677220078125 0.3347517734375
2 0.686486486328125 0.431205673828125 0.6795366796875 0.431205673828125 0.6386100390625 0.469503546875 0.640154439453125 0.476595744140625 0.686486486328125 0.51773049609375 0.684169884765625 0.509219857421875 0.686486486328125 0.431205673828125
2 0.45019305078125 0.624113474609375 0.445559845703125 0.63262411328125 0.428571427734375 0.699290779296875 0.428571427734375 0.709219857421875 0.472586873046875 0.706382978515625 0.4640926640625 0.666666666015625 0.45019305078125 0.624113474609375
2 0.3976833984375 0.624113474609375 0.3768339765625 0.690780142578125 0.375289576171875 0.706382978515625 0.379150580078125 0.709219857421875 0.41930501953125 0.706382978515625 0.3976833984375 0.624113474609375
2 0.18466641015625 0.712838298828125 0.2314393828125 0.712838298828125 0.20672895703125 0.62697588671875 0.18466641015625 0.712838298828125
2 0.13259768359375 0.71445815625 0.1802540546875 0.711218439453125 0.158190734375 0.61077446875 0.13259768359375 0.71445815625
2 0.873027798828125 0.70959858203125 0.9233312734375 0.71445815625 0.89685637109375 0.618875177734375 0.873027798828125 0.70959858203125
2 0.94980694921875 0.322594326171875 0.974517375 0.23168226953125 0.922449419921875 0.228441134765625 0.94980694921875 0.322594326171875
0 0.5302734375 0.6689453125 0.1142578125 0.1142578125
0 0.71484375 0.427734375 0.064453125 0.2109375
0 0.9521484375 0.6201171875 0.06640625 0.2021484375
0 0.9501953125 0.109375 0.060546875 0.21875