1 0.385328185546875 0.513475177734375 0.336679537109375 0.5347517734375 0.344401544921875 0.6156028359375 0.37065637109375 0.6156028359375 0.3976833984375 0.601418439453125 0.385328185546875 0.513475177734375
2 0 0.709219857421875 0.045559845703125 0.709219857421875 0.022393822265625 0.621276595703125 0.018532818359375 0.624113474609375 0 0.68794326171875 0 0.709219857421875
2 0.796911197265625 0.6851063828125 0.78610038671875 0.63262411328125 0.7822393828125 0.63262411328125 0.769884169921875 0.690780142578125 0.783011583984375 0.690780142578125 0.789961390625 0.696453900390625 0.796911197265625 0.6851063828125
2 0.851737451171875 0.689361701171875 0.84478764453125 0.65248226953125 0.840926640625 0.646808509765625 0.832432431640625 0.68794326171875 0.832432431640625 0.693617021484375 0.83706563671875 0.69787233984375 0.851737451171875 0.689361701171875
2 0.823938224609375 0.6851063828125 0.822393822265625 0.69219858203125 0.827799228515625 0.696453900390625 0.82934362890625 0.689361701171875 0.823938224609375 0.6851063828125
2 0.86023166015625 0.67234042578125 0.85791505859375 0.69219858203125 0.864864865234375 0.68226950390625 0.86254826171875 0.666666666015625 0.86023166015625 0.67234042578125
0 0.5224609375 0.6689453125 0.4296875 0.1123046875
0 0.943359375 0.6640625 0.11328125 0.10546875
2 0.796911197265625 0.6851063828125 0.78610038671875 0.63262411328125 0.7822393828125 0.63262411328125 0.77065637109375 0.69219858203125 0.77837837890625 0.689361701171875 0.79073358984375 0.6950354609375 0.796911197265625 0.6851063828125
2 0.84478764453125 0.65248226953125 0.840926640625 0.646808509765625 0.832432431640625 0.68794326171875 0.836293435546875 0.69787233984375 0.851737451171875 0.689361701171875 0.84478764453125 0.65248226953125
2 0 0.709219857421875 0.045559845703125 0.709219857421875 0.022393822265625 0.621276595703125 0.018532818359375 0.624113474609375 0.003088802734375 0.683687943359375 0 0.686524822265625 0 0.709219857421875