0 0.953125 0.626953125 0.060546875 0.1904296875
0 0.19921875 0.5546875 0.0615234375 0.0458984375
2 0.41764705859375 0.632653060546875 0.3952941171875 0.7122448984375 0.44235294140625 0.7122448984375 0.441176470703125 0.7040816328125 0.41764705859375 0.632653060546875
2 0.36705882421875 0.632653060546875 0.363529412109375 0.632653060546875 0.34235294140625 0.7122448984375 0.388235294921875 0.7122448984375 0.38705882421875 0.7 0.36705882421875 0.632653060546875
2 0.310588234375 0.630612244140625 0.28705882421875 0.7122448984375 0.33294117578125 0.71428571484375 0.331764705078125 0.6959183671875 0.310588234375 0.630612244140625
2 0.25764705859375 0.630612244140625 0.234117646484375 0.7122448984375 0.27764705859375 0.71428571484375 0.281176470703125 0.71020408203125 0.276470587890625 0.68979591796875 0.25764705859375 0.630612244140625
2 0.203529412109375 0.632653060546875 0.181176470703125 0.7122448984375 0.22705882421875 0.7122448984375 0.21764705859375 0.673469388671875 0.203529412109375 0.632653060546875
2 0.150588234375 0.628571427734375 0.125882353515625 0.7122448984375 0.174117646484375 0.71428571484375 0.174117646484375 0.7040816328125 0.150588234375 0.628571427734375
2 0.0952941171875 0.632653060546875 0.0752941171875 0.7122448984375 0.118823529296875 0.7122448984375 0.1 0.636734693359375 0.0952941171875 0.632653060546875
2 0.04235294140625 0.632653060546875 0.02 0.7122448984375 0.063529412109375 0.71428571484375 0.065882353515625 0.7040816328125 0.04235294140625 0.632653060546875
1 0.6152941171875 0.626530611328125 0.61294117578125 0.7122448984375 0.6647058828125 0.7122448984375 0.6647058828125 0.628571427734375 0.6152941171875 0.626530611328125