2 0.423938224609375 0 0.425482625 0.0156028359375 0.44478764453125 0.08794326171875 0.45019305078125 0.096453900390625 0.4741312734375 0 0.423938224609375 0
2 0.342857142578125 0.201418439453125 0.3204633203125 0.28794326171875 0.360617759765625 0.290780142578125 0.3667953671875 0.289361701171875 0.36525096484375 0.280851064453125 0.342857142578125 0.201418439453125
2 0.97065637109375 0.846808509765625 0.955984556640625 0.93191489453125 0.955984556640625 0.9446808515625 0.960617759765625 0.951773048828125 0.968339767578125 0.951773048828125 0.97297297265625 0.939007091796875 0.984555984375 0.941843970703125 0.9868725859375 0.93191489453125 0.976061775390625 0.8652482265625 0.97065637109375 0.846808509765625
2 1 0.899290779296875 0.995366794921875 0.899290779296875 0.98841698828125 0.930496453125 1 0.948936169921875 1 0.899290779296875
2 0.946718146484375 0.91773049609375 0.94208494140625 0.9446808515625 0.94980694921875 0.953191490234375 0.952895751953125 0.9446808515625 0.94903475 0.923404255859375 0.946718146484375 0.91773049609375
2 0.919691119140625 0.900709220703125 0.9104247109375 0.930496453125 0.9050193046875 0.936170212890625 0.9050193046875 0.946099291015625 0.91428571484375 0.941843970703125 0.915830115234375 0.948936169921875 0.928957529296875 0.946099291015625 0.93204633203125 0.94042553125 0.93204633203125 0.92765957421875 0.919691119140625 0.900709220703125
2 0.884169884765625 0.86808510546875 0.88108108203125 0.86808510546875 0.871042470703125 0.93758865234375 0.878764478515625 0.951773048828125 0.8949806953125 0.951773048828125 0.897297296875 0.946099291015625 0.8949806953125 0.92765957421875 0.884169884765625 0.86808510546875
2 0.845559845703125 0.899290779296875 0.835521236328125 0.946099291015625 0.845559845703125 0.953191490234375 0.86023166015625 0.951773048828125 0.8617760625 0.946099291015625 0.849420849609375 0.900709220703125 0.845559845703125 0.899290779296875
2 0.81930501953125 0.941843970703125 0.82162162109375 0.948936169921875 0.825482625 0.939007091796875 0.8231660234375 0.930496453125 0.81930501953125 0.941843970703125
2 0.6795366796875 0.89787233984375 0.671814671875 0.926241134765625 0.67567567578125 0.94042553125 0.682625482421875 0.953191490234375 0.6949806953125 0.948936169921875 0.694208494140625 0.943262412109375 0.6795366796875 0.89787233984375
2 0.7050193046875 0.920567375 0.700386099609375 0.950354609375 0.703474904296875 0.951773048828125 0.7104247109375 0.93758865234375 0.708108107421875 0.920567375 0.7050193046875 0.920567375
2 0.65482625390625 0.8453900703125 0.640154439453125 0.926241134765625 0.640154439453125 0.9446808515625 0.65791505859375 0.948936169921875 0.66795366796875 0.939007091796875 0.6694980703125 0.920567375 0.661003861328125 0.8751773046875 0.65482625390625 0.8453900703125
2 0.630115830078125 0.91773049609375 0.624710423828125 0.948936169921875 0.633976833984375 0.953191490234375 0.63474903515625 0.936170212890625 0.630115830078125 0.91773049609375
2 0.60617760546875 0.900709220703125 0.603088802734375 0.900709220703125 0.5868725859375 0.948936169921875 0.616988416015625 0.950354609375 0.618532818359375 0.93758865234375 0.60617760546875 0.900709220703125
2 0.568339767578125 0.869503546875 0.56525096484375 0.866666666015625 0.553667953125 0.936170212890625 0.55752895703125 0.94751773046875 0.57837837890625 0.951773048828125 0.579150580078125 0.9347517734375 0.568339767578125 0.869503546875
2 0.52972973046875 0.89787233984375 0.51891891796875 0.936170212890625 0.51891891796875 0.94751773046875 0.54362934375 0.950354609375 0.54517374609375 0.9446808515625 0.53745173828125 0.91773049609375 0.52972973046875 0.89787233984375
2 0.503474904296875 0.9347517734375 0.503474904296875 0.94751773046875 0.507335908203125 0.9446808515625 0.50656370703125 0.930496453125 0.503474904296875 0.9347517734375
2 0.317374517578125 0.88794326171875 0.305791505859375 0.941843970703125 0.308108107421875 0.950354609375 0.317374517578125 0.956028369140625 0.333590734375 0.948936169921875 0.321235521484375 0.893617021484375 0.317374517578125 0.88794326171875
2 0.2586872578125 0.906382978515625 0.25250965234375 0.94751773046875 0.26254826171875 0.956028369140625 0.2694980703125 0.939007091796875 0.26254826171875 0.906382978515625 0.2586872578125 0.906382978515625
2 0.240926640625 0.926241134765625 0.23706563671875 0.9347517734375 0.241698841796875 0.950354609375 0.244015443359375 0.94751773046875 0.243243244140625 0.933333333984375 0.240926640625 0.926241134765625
2 0.158301158203125 0.889361701171875 0.148262548828125 0.94042553125 0.14903475 0.950354609375 0.158301158203125 0.956028369140625 0.17065637109375 0.936170212890625 0.162162162109375 0.889361701171875 0.158301158203125 0.889361701171875
2 0.0949806953125 0.93758865234375 0.097297296875 0.948936169921875 0.107335908203125 0.956028369140625 0.1127413125 0.948936169921875 0.103474904296875 0.903546099609375 0.0949806953125 0.93758865234375
2 0.08185328125 0.926241134765625 0.077220078125 0.94751773046875 0.08571428515625 0.953191490234375 0.084169884765625 0.930496453125 0.08185328125 0.926241134765625
1 0.65250965234375 0.0851063828125 0.647876447265625 0.0851063828125 0.603088802734375 0.1049645390625 0.61389961328125 0.194326240234375 0.663320462890625 0.17304964453125 0.655598455078125 0.096453900390625 0.65250965234375 0.0851063828125
0 0.8720703125 0.6083984375 0.06640625 0.0576171875
0 0.7109375 0.412109375 0.0634765625 0.0693359375
0 0.5517578125 0.220703125 0.0673828125 0.064453125
0 0.39453125 0.318359375 0.171875 0.0810546875
0 0.15625 0.51171875 0.1171875 0.0615234375