1 0.39613899609375 0.49787233984375 0.38610038671875 0.408510638671875 0.336679537109375 0.42695035546875 0.34208494140625 0.490780142578125 0.34749034765625 0.51773049609375 0.39613899609375 0.49787233984375
2 0.36293436328125 0.709219857421875 0.359845560546875 0.6851063828125 0.34208494140625 0.624113474609375 0.3382239375 0.621276595703125 0.33436293359375 0.63262411328125 0.315057916015625 0.709219857421875 0.36293436328125 0.709219857421875
2 0.080308880859375 0.473758865234375 0.12664092578125 0.51205673828125 0.12972973046875 0.431205673828125 0.123552123046875 0.431205673828125 0.10888030859375 0.443971630859375 0.080308880859375 0.469503546875 0.080308880859375 0.473758865234375
2 0.122779921875 0.4156028359375 0.12972973046875 0.4156028359375 0.127413126953125 0.3347517734375 0.12200772265625 0.3347517734375 0.092664091796875 0.361702126953125 0.08108108203125 0.375886525390625 0.122779921875 0.4156028359375
2 0.379922779296875 0.27801418359375 0.39073358984375 0.316312056640625 0.39382239453125 0.31773049609375 0.414671814453125 0.23687943359375 0.372200771484375 0.2354609921875 0.37065637109375 0.2397163125 0.379922779296875 0.27801418359375
2 0.424710423828125 0.234042552734375 0.427799228515625 0.25957446875 0.446332046875 0.31773049609375 0.467181466796875 0.234042552734375 0.424710423828125 0.234042552734375
2 0.476447876953125 0.2354609921875 0.486486486328125 0.28226950390625 0.498069498046875 0.31773049609375 0.519691119140625 0.2354609921875 0.476447876953125 0.2354609921875
2 0.54980694921875 0.319148935546875 0.572200771484375 0.2354609921875 0.535135134765625 0.234042552734375 0.528957529296875 0.2354609921875 0.528957529296875 0.2397163125 0.54980694921875 0.319148935546875
2 0.587644787109375 0.2652482265625 0.6023166015625 0.31773049609375 0.60540540625 0.31773049609375 0.624710423828125 0.23687943359375 0.583783783203125 0.2354609921875 0.5822393828125 0.241134751953125 0.587644787109375 0.2652482265625
2 0.67335907421875 0.234042552734375 0.6332046328125 0.234042552734375 0.657142857421875 0.319148935546875 0.67799227734375 0.238297873046875 0.67335907421875 0.234042552734375
2 0.709652509765625 0.319148935546875 0.73204633203125 0.234042552734375 0.688803087890625 0.234042552734375 0.688030888671875 0.2453900703125 0.70656370703125 0.316312056640625 0.709652509765625 0.319148935546875
2 0.7413127421875 0.2354609921875 0.740540541015625 0.2453900703125 0.762162162109375 0.319148935546875 0.784555984375 0.23687943359375 0.7413127421875 0.2354609921875
2 0.793050193359375 0.234042552734375 0.795366794921875 0.25248226953125 0.81389961328125 0.320567375 0.836293435546875 0.2354609921875 0.793050193359375 0.234042552734375
2 0.851737451171875 0.266666666015625 0.86795366796875 0.31773049609375 0.886486486328125 0.251063830078125 0.888030888671875 0.2354609921875 0.847104248046875 0.2354609921875 0.845559845703125 0.2397163125 0.851737451171875 0.266666666015625
2 0.91814671875 0.316312056640625 0.921235521484375 0.31773049609375 0.93976833984375 0.251063830078125 0.94208494140625 0.231205673828125 0.897297296875 0.23262411328125 0.896525095703125 0.238297873046875 0.91814671875 0.316312056640625
0 0.15625 0.4228515625 0.05859375 0.208984375
0 0.6572265625 0.111328125 0.591796875 0.22265625
0 0.793601544921875 0.5013163125 0.3594046328125 0.51103687890625 0.361169111328125 0.723263830078125 0.999227798828125 0.728124822265625 0.998345173828125 0.618439716796875 0.793601544921875 0.6114808515625 0.793601544921875 0.5013163125